house_3(1) 104.3 10 95.8 0 0 0 20 23.7644 29.82613 house_33
Newhose22 58.6 18.5 102.5 0 0 0 14.53154 34.78661 38.97306 Newhose22
Baker_house 65.8 17 58.6 0 0 0 48 45.64998 35 Baker_house_J
Fountain1(1) 116.8 2.04 158.26 0 0 0 42.88638 10.44682 34.93231 Fountain1
box(8) 80.69 1.8 34.76 0 0 0 8 4 8 box1
box(6) 33.68 1.8 49 0 0 0 8 4 8 box2
box(5) 30.68 1.8 34.84 0 0 0 8 4 8 box3
box(7) 27.67 1.8 120.69 0 0 0 8 4 8 box1
Rock(15) 31.7 1.3 157.33 0 0 0 8.027892 2 4.129189 Rock2
Rock(14) 31.7 1.3 138.3 0 0 0 8.027892 2 4.129189 Rock2
Rock(13) 70.77 1.3 140.27 0 0 0 8.027892 2 4.129189 Rock2
Tree_1(3) 64.27 6.78 169.4 0 0 0 3 15.15833 3 Tree_1
Tree_1(5) 43.81 6.78 144.69 0 0 0 3 15.15833 3 Tree_1
Lamp(11) 15.56 8.88 83.02 0 0 0 1.3 17.98636 1.3 Lamp
Lamp(12) 145.68 8.88 83.02 0 0 0 1.3 17.98636 1.3 Lamp2
Lamp(15) 145.68 8.88 23.17 0 0 0 1.3 17.98636 1.3 Lamp2
Lamp(19) 101.99 8.88 23.17 0 0 0 1.3 17.98636 1.3 Lamp2
Lamp(19) 56.8 8.88 23.17 0 0 0 1.3 17.98636 1.3 Lamp
Lamp(16) 16.8 8.88 23.17 0 0 0 1.3 17.98636 1.3 Lamp
border_tile(69) 104.62 -0.5 66.87 0 0 0 4.205112 0.5 3.818844 border_tile
border_tile(68) 104.62 -0.5 61.84 0 0 0 3.737735 0.5 3.212719 border_tile
border_tile(70) 104.62 -0.5 57.95 0 0 0 4.239874 0.5 3.786815 border_tile
border_tile(85) 104.62 -0.5 53.88 0 0 0 3.854447 0.5 3.324454 border_tile
border_tile(67) 104.62 -0.5 48.92 0 0 0 3.854447 0.5 3.093549 border_tile
border_tile(66) 104.62 -0.5 45.01 0 0 0 4.53513 0.5 3.932462 border_tile
border_tile(87) 104.62 -0.5 40.77 0 0 0 3.628098 0.5 3.532047 border_tile
border_tile(86) 102.7 -0.5 35.87 0 0 0 3.628098 0.5 3.532047 border_tile
border_tile(78) 98.64 -0.5 35.87 0 0 0 3.628098 0.5 3.532047 border_tile
border_tile(79) 93.68 -0.5 35.87 0 0 0 4.997742 0.5 4.487955 border_tile
border_tile(80) 88.69 -0.5 35.87 0 0 0 3.516721 0.5 4.091301 border_tile
border_tile(83) 74.7 -0.5 35.87 0 0 0 3.516721 0.5 3.269666 border_tile
border_tile(82) 70.7 -0.5 35.87 0 0 0 3.70181 0.5 4.089599 border_tile
border_tile(77) 66.62 -0.5 35.87 0 0 0 3.443549 0.5 3.594148 border_tile
border_tile(76) 61.72 -0.5 35.87 0 0 0 4.173948 0.5 4.596715 border_tile
border_tile(75) 56.82 -0.5 35.87 0 0 0 3.629251 0.5 3.709778 border_tile
border_tile(71) 52.66 -0.5 35.87 0 0 0 3.629251 0.5 3.709778 border_tile
border_tile(72) 47.77 -0.5 35.87 0 0 0 4.032477 0.5 4.39016 border_tile
border_tile(61) 34.79 -0.5 49 0 0 0 3.765426 0.5 3.738077 border_tile
border_tile(59) 34.74 -0.54 66.89 0 0 0 3.765426 0.5 3.738077 border_tile
border_tile(58) 34.79 -0.5 58.01 0 0 0 3.765426 0.5 3.738077 border_tile
border_tile(64) 35.66 -0.5 35.87 0 0 0 2.965304 0.5 3.270395 border_tile
border_tile(62) 34.79 -0.5 44.95 0 0 0 4.047831 0.5 3.738077 border_tile
border_tile(73) 39.68 -0.5 35.87 0 0 0 3.587246 0.5 4.092992 border_tile
border_tile(74) 43.63 -0.5 35.87 0 0 0 3.072152 0.5 3.619666 border_tile
border_tile(63) 34.79 -0.5 40.81 0 0 0 3.765426 0.5 3.738077 border_tile
border_tile(57) 34.79 -0.5 53.81 0 0 0 3.765426 0.5 3.738077 border_tile
border_tile(60) 34.43 -0.5 62.08 0 0 0 3.765426 0.5 3.738077 border_tile
Flowers(11) 35.35 -0.04 92.01 0 0 0 4.190797 0.2967024 3.738077 Flowers
Flowers(9) 35.35 -0.04 104.42 0 0 0 4.190797 0.2967024 3.738077 Flowers
Flowers(10) 35.35 -0.04 98.27 0 0 0 4.190797 0.2967024 3.738077 Flowers
Flowers(7) 35.35 -0.04 110.64 0 0 0 4.190797 0.2967024 3.738077 Flowers
Flowers(12) 35.35 -0.04 83.82 0 0 0 4.190797 0.2967024 3.738077 Flowers

