luke,(77.3, -0.9, -27.9),(270.0, 0.0, 0.0),(1.0, 1.0, 1.0)
Wood_piece (2),(-92.7, 5.1, 115.1),(54.5, 87.8, 270.0),(0.2, 0.8, 1.1)
box (11),(-72.7, -0.9, 82.1),(270.0, 0.0, 0.0),(1.1, 0.8, 1.2)
mushroom1 (4),(51.3, 0.1, -86.9),(270.0, 0.0, 0.0),(2.1, 3.2, 1.1)
border_tile (34),(94.3, -0.9, 34.1),(270.0, 0.0, 0.0),(1.2, 0.9, 1.0)
mushroom1 (9),(119.3, 0.1, 79.1),(270.0, 0.0, 0.0),(2.1, 3.2, 1.1)
border_tile (147),(-127.7, -0.9, 82.1),(270.0, 360.0, 0.0),(0.9, 0.8, 0.9)
road,(86.3, -0.9, -1.9),(270.0, 0.0, 0.0),(1.8, 0.4, 1.0)
tower (4),(152.3, 14.1, 184.3),(270.0, 0.0, 0.0),(1.0, 1.0, 1.0)
border_tile (59),(-34.7, 0.1, -66.9),(270.0, 0.0, 0.0),(1.1, 0.8, 0.9)
box (13),(-98.7, -0.9, 120.1),(270.0, 0.0, 0.0),(1.0, 0.8, 1.1)
mushroom1 (25),(88.3, 0.1, 124.1),(270.0, 0.0, 0.0),(2.1, 3.2, 1.1)
border_tile (50),(123.3, -0.9, 112.1),(270.0, 0.0, 0.0),(0.9, 0.8, 1.0)
mushroom1 (11),(131.3, 0.1, 101.1),(270.0, 0.0, 0.0),(2.1, 3.2, 1.1)
shop_1,(130.3, 5.1, -99.9),(270.0, 0.0, 0.0),(1.0, 1.0, 1.0)
border_tile (20),(108.3, -0.9, -34.9),(270.0, 0.0, 0.0),(1.0, 0.9, 1.0)
border_tile (145),(-127.7, -0.9, 50.1),(270.0, 360.0, 0.0),(0.9, 0.8, 0.9)
sideborder (7),(86.3, -0.9, 28.1),(90.0, 180.0, 0.0),(-1.8, -1.0, -1.2)
border_tile (28),(111.1, -0.9, 45.9),(270.0, 0.0, 0.0),(1.0, 0.9, 1.0)
border_tile (129),(-58.7, -0.9, 86.1),(270.0, 270.0, 0.0),(0.8, 0.6, 0.9)
grass1 (20),(42.3, 0.1, -34.9),(0.0, 0.0, 0.0),(0.6, 0.8, 1.0)
road (3),(170.2, -0.9, 108.1),(270.0, 90.0, 0.0),(2.7, 0.4, 1.0)
border_tile (60),(-34.7, 0.1, -61.9),(270.0, 0.0, 0.0),(0.9, 0.7, 0.9)
border_tile (32),(99.3, -0.9, 36.1),(270.0, 0.0, 0.0),(1.0, 0.9, 1.0)
shop_1 (2),(60.4, 10.3, -158.6),(270.0, 180.0, 0.0),(2.0, 2.0, 2.0)
border_tile (9),(61.3, -0.9, -33.9),(270.0, 0.0, 0.0),(0.6, 0.5, 0.6)
road_path (8),(-164.5, -0.9, -25.1),(270.0, 90.0, 0.0),(0.2, 0.4, 1.0)
grass1 (10),(54.3, 0.1, -37.9),(0.0, 0.0, 0.0),(0.6, 0.8, 1.0)
border_tile (141),(-127.7, -0.9, 77.1),(270.0, 360.0, 0.0),(1.1, 0.8, 0.9)
border_tile (33),(95.3, -0.9, 38.1),(270.0, 0.0, 0.0),(0.9, 0.8, 1.0)
border_tile (148),(-127.7, -0.9, 87.1),(270.0, 360.0, 0.0),(1.1, 0.9, 0.9)
road_path (9),(-165.0, -0.9, 21.8),(270.0, 90.0, 0.0),(0.2, 0.4, 1.0)
border_tile (173),(-94.7, -0.9, 101.1),(270.0, 180.1, 0.0),(1.0, 0.8, 0.9)
border_tile (167),(-94.7, -0.9, 87.1),(270.0, 180.1, 0.0),(1.0, 0.7, 0.9)
fence (1),(78.3, 3.1, -31.9),(270.0, 270.0, 0.0),(1.0, 1.0, 1.0)
border_tile (52),(128.3, -0.9, 91.1),(270.0, 0.0, 0.0),(0.9, 0.8, 1.0)
border_tile (131),(-127.7, -0.9, 46.1),(270.0, 360.0, 0.0),(1.0, 0.8, 0.9)
road_empty,(2.5, -0.9, -1.2),(270.0, 0.0, 0.0),(0.5, 0.4, 4.0)
border_tile (160),(-111.7, -0.9, 106.1),(270.0, 270.0, 0.0),(0.9, 0.8, 0.9)
grass1 (5),(77.3, 0.1, -35.9),(0.0, 0.0, 0.0),(0.6, 0.8, 1.0)
box (5),(-30.7, 0.1, -34.9),(270.0, 0.0, 0.0),(1.0, 0.8, 1.1)
border_tile (108),(-104.7, 0.1, -79.9),(270.0, 0.0, 0.0),(1.0, 0.7, 0.9)
grass1 (2),(89.3, 0.1, -39.9),(0.0, 0.0, 0.0),(0.6, 0.8, 1.0)
border_tile (40),(62.3, -0.9, 34.1),(270.0, 0.0, 0.0),(1.2, 0.8, 0.8)
mushroom2 (2),(-33.7, 1.1, 89.1),(270.0, 0.0, 0.0),(2.5, 3.7, 1.3)
border_tile (153),(-127.7, -0.9, 96.1),(270.0, 360.0, 0.0),(0.9, 0.8, 0.9)
border_tile (107),(-128.7, 0.1, -79.9),(270.0, 0.0, 0.0),(0.8, 0.7, 0.9)
border_tile (55),(136.3, -0.9, 87.1),(270.0, 0.0, 0.0),(0.9, 0.8, 1.0)
gate_a (3),(170.3, 6.1, 185.3),(270.0, 0.0, 0.0),(1.0, 1.0, 1.0)
wall (2),(96.3, -1.9, 184.3),(270.0, 0.0, 0.0),(0.7, 1.8, 0.9)
fence (13),(35.3, 3.1, 45.1),(270.0, 180.0, 0.0),(1.0, 1.0, 1.0)
Baker_house (4),(106.7, -1.1, 60.2),(270.0, 0.0, 0.0),(3.0, 1.9, 3.0)
tower (10),(-15.7, 14.1, 184.3),(270.0, 0.0, 0.0),(1.0, 1.0, 1.0)
concrete_block,(12.3, -0.9, 30.1),(270.0, 91.2, 0.0),(0.8, 1.0, 1.0)
border_tile (165),(-94.7, -0.9, 97.1),(270.0, 180.1, 0.0),(0.9, 0.8, 0.9)
Baker_house,(-67.4, -0.2, -56.2),(270.0, 90.0, 0.0),(3.5, 5.0, 6.0)
border_tile (73),(-39.7, 0.1, -35.9),(270.0, 90.0, 0.0),(1.1, 0.8, 0.9)
road (4),(170.3, -0.9, -111.9),(270.0, 90.0, 0.0),(2.6, 0.4, 1.0)
mushroom1 (14),(-35.7, 0.1, 108.1),(270.0, 0.0, 0.0),(2.1, 3.2, 1.1)
border_tile (143),(-127.7, -0.9, 60.1),(270.0, 360.0, 0.0),(1.0, 0.7, 0.9)
border_tile (119),(-59.7, -0.9, 115.1),(270.0, 90.0, 0.0),(0.9, 0.7, 0.9)
gate_a (1),(3.3, 6.1, -188.5),(270.0, 180.0, 0.0),(1.0, 1.0, 1.0)
border_tile (86),(-102.7, 0.1, -35.9),(270.0, 90.0, 0.0),(1.0, 0.8, 0.9)
border_tile (111),(-39.7, -0.9, 111.1),(270.0, 0.0, 0.0),(0.9, 0.7, 0.8)
tower (3),(189.3, 14.1, 183.3),(270.0, 0.0, 0.0),(1.0, 1.0, 1.0)
border_tile (46),(123.3, -0.9, 94.1),(270.0, 0.0, 0.0),(0.9, 0.8, 1.0)
border_tile (136),(-113.7, -0.9, 44.1),(270.0, 270.0, 0.0),(1.0, 0.7, 0.9)
mushroom2 (3),(-38.7, 1.1, 121.1),(270.0, 0.0, 0.0),(2.5, 3.7, 1.3)
sideborder (15),(140.3, -1.9, -52.9),(90.0, 90.0, 0.0),(-0.7, -1.0, -2.0)
Baker_house (3),(-51.5, -1.1, 51.4),(270.0, 270.0, 0.0),(2.6, 2.1, 2.7)
wall (5),(-184.3, -1.9, -31.3),(270.0, 90.0, 0.0),(1.8, 1.8, 0.9)
border_tile (117),(-39.7, -0.9, 98.1),(270.0, 0.0, 0.0),(0.9, 0.7, 0.8)
border_tile (170),(-94.7, -0.9, 78.1),(270.0, 180.1, 0.0),(1.1, 0.9, 0.9)
border_tile (87),(-31.7, 0.1, -53.9),(270.0, 0.0, 0.0),(0.7, 0.7, 0.9)
Baker_house (1),(81.9, -0.8, -100.5),(270.0, 90.0, 0.0),(4.0, 5.0, 5.0)
border_tile (77),(-66.7, 0.1, -35.9),(270.0, 90.0, 0.0),(0.9, 0.8, 0.9)
border_tile (103),(-124.7, 0.1, -79.9),(270.0, 0.0, 0.0),(1.0, 0.8, 0.9)
border_tile (47),(123.3, -0.9, 98.1),(270.0, 0.0, 0.0),(0.9, 0.8, 1.0)
border_tile (1),(78.3, -0.9, -45.9),(270.0, 0.0, 0.0),(0.9, 0.8, 0.9)
border_tile (58),(-34.7, 0.1, -57.9),(270.0, 0.0, 0.0),(1.1, 0.9, 0.9)
border_tile (25),(125.3, -0.9, -121.9),(270.0, 0.0, 0.0),(1.3, 1.4, 1.3)
mushroom2 (4),(-35.7, 1.1, 73.1),(270.0, 0.0, 0.0),(2.5, 3.7, 1.3)
mushroom1 (8),(132.3, 0.1, 76.1),(270.0, 0.0, 0.0),(2.1, 3.2, 1.1)
border_tile (109),(-35.7, -0.9, 98.1),(270.0, 0.0, 0.0),(0.7, 0.7, 0.8)
mushroom1,(57.3, 0.1, -42.9),(270.0, 0.0, 0.0),(2.1, 3.2, 1.1)
border_tile (83),(-79.7, 0.1, -35.9),(270.0, 90.0, 0.0),(1.1, 0.9, 0.9)
border_tile (22),(137.3, -0.9, -115.9),(270.0, 0.0, 0.0),(1.3, 1.0, 1.3)
border_tile (163),(-94.7, -0.9, 60.1),(270.0, 180.1, 0.0),(1.1, 0.9, 0.9)
border_tile (134),(-96.7, -0.9, 43.1),(270.0, 270.0, 0.0),(1.1, 0.8, 0.9)
concrete_block (1),(-4.7, -0.9, 30.1),(270.0, 91.2, 0.0),(0.8, 1.0, 1.0)
border_tile (8),(64.3, -0.9, -35.9),(270.0, 0.0, 0.0),(0.6, 0.5, 0.6)
border_tile (71),(-52.7, 0.1, -35.9),(270.0, 90.0, 0.0),(0.9, 0.8, 0.9)
mushroom1 (20),(-92.7, 0.1, 123.1),(270.0, 0.0, 0.0),(2.1, 3.2, 1.1)
minibus (1),(-68.0, 3.2, 6.9),(270.0, 88.8, 0.0),(0.4, 0.4, 0.4)
border_tile (41),(67.3, -0.9, 35.1),(270.0, 0.0, 0.0),(0.9, 0.7, 0.8)
border_tile (168),(-94.7, -0.9, 73.1),(270.0, 180.1, 0.0),(0.9, 0.7, 0.9)
fence (7),(121.3, 3.1, -103.9),(270.0, 0.0, 0.0),(1.0, 1.0, 1.0)
border_tile (133),(-105.7, -0.9, 43.1),(270.0, 270.0, 0.0),(1.1, 0.9, 0.9)
minibus (2),(64.6, 5.0, -11.4),(270.0, 88.8, 0.0),(0.6, 0.6, 0.6)
border_tile (13),(137.3, -0.9, -77.9),(270.0, 0.0, 0.0),(1.3, 0.9, 1.3)
border_tile (105),(-113.5, 0.1, -79.9),(270.0, 0.0, 0.0),(1.0, 0.7, 0.9)
house_3,(108.3, 13.1, 100.1),(0.0, 90.0, 0.0),(0.9, 0.9, 0.9)
border_tile (126),(-50.7, -0.9, 86.1),(270.0, 270.0, 0.0),(0.8, 0.7, 0.9)
border_tile (61),(-34.7, 0.1, -48.9),(270.0, 0.0, 0.0),(1.0, 0.7, 0.9)
sideborder (17),(33.3, -0.9, -52.9),(90.0, 270.0, 0.0),(-0.7, -1.0, -1.0)
road_empty (1),(170.3, -0.9, -1.9),(270.0, 0.0, 0.0),(0.5, 0.4, 1.0)
grass1 (1),(86.3, 0.1, -36.9),(0.0, 0.0, 0.0),(0.6, 0.8, 1.0)
grass1 (12),(68.3, 0.1, -43.9),(0.0, 0.0, 0.0),(0.6, 0.8, 1.0)
gate_a,(171.3, 6.1, -188.5),(270.0, 180.0, 0.0),(1.0, 1.0, 1.0)
fence (17),(-29.7, 3.1, 45.1),(270.0, 0.0, 0.0),(1.0, 1.0, 1.0)
Classic_car_1955_style2 (1),(-89.7, 1.4, -10.2),(0.0, 90.0, 0.0),(0.2, 0.3, 0.1)
border_tile (53),(132.3, -0.9, 94.1),(270.0, 0.0, 0.0),(0.9, 0.8, 1.0)
Wood_piece (3),(-91.7, 5.1, 113.1),(45.0, 90.3, 270.0),(0.2, 0.8, 1.1)
mushroom2 (5),(-108.7, 0.1, 123.1),(270.0, 0.0, 0.0),(2.5, 3.7, 1.3)
border_tile (78),(-98.7, 0.1, -35.9),(270.0, 90.0, 0.0),(0.9, 0.8, 0.9)
border_tile (16),(125.3, -0.9, -77.9),(270.0, 0.0, 0.0),(1.3, 0.9, 1.3)
mushroom1 (26),(109.3, 0.1, 77.1),(270.0, 0.0, 0.0),(2.1, 3.2, 1.1)
border_tile (81),(-74.7, 0.1, -35.9),(270.0, 90.0, 0.0),(0.9, 0.7, 0.9)
house 6 (2),(-103.0, 0.0, -96.6),(270.0, 0.0, 0.0),(150.0, 150.0, 200.0)
mushroom1 (3),(48.3, 0.1, -99.9),(270.0, 0.0, 0.0),(2.1, 3.2, 1.1)
CC_ME_R4,(-40.6, 1.7, -9.2),(0.0, 90.0, 0.0),(2.5, 2.5, 2.5)
border_tile (6),(59.3, -0.9, -37.9),(270.0, 0.0, 0.0),(1.1, 1.0, 1.1)
grass1 (14),(52.3, 0.1, -34.9),(0.0, 0.0, 0.0),(0.6, 0.8, 1.0)
border_tile (75),(-56.7, 0.1, -35.9),(270.0, 90.0, 0.0),(1.0, 0.7, 0.9)
border_tile (12),(137.3, -0.9, -83.9),(270.0, 0.0, 0.0),(1.3, 1.2, 1.3)
Classic_car_1955_style2,(-123.8, 1.4, -48.1),(0.0, 90.0, 0.0),(0.2, 0.3, 0.1)
mushroom2,(52.3, 1.1, -40.9),(270.0, 0.0, 0.0),(2.5, 3.7, 1.3)
mushroom1 (7),(123.3, 0.1, 73.1),(270.0, 0.0, 0.0),(2.1, 3.2, 1.1)
border_tile (164),(-94.7, -0.9, 65.1),(270.0, 180.1, 0.0),(0.9, 0.8, 0.9)
road_path (5),(170.3, -0.9, -25.1),(270.0, 90.0, 0.0),(0.2, 0.4, 1.0)
mushroom1 (16),(-42.7, 0.1, 72.1),(270.0, 0.0, 0.0),(2.1, 3.2, 1.1)
house 6,(-51.4, 0.0, 100.9),(270.0, 270.0, 0.0),(100.0, 100.0, 100.0)
Hot Dog Truck,(4.7, 6.1, -116.1),(0.0, 81.2, 0.0),(9.0, 9.0, 9.0)
border_tile (35),(99.3, -0.9, 31.1),(270.0, 0.0, 0.0),(0.9, 0.8, 1.0)
border_tile (106),(-109.7, 0.1, -79.9),(270.0, 0.0, 0.0),(1.0, 0.9, 0.9)
border_tile (43),(70.3, -0.9, 39.1),(270.0, 0.0, 0.0),(1.0, 0.8, 0.8)
box (6),(-30.7, 0.1, -39.9),(270.0, 12.6, 0.0),(0.8, 0.6, 0.8)
gate_a (5),(-164.7, 6.1, 185.3),(270.0, 0.0, 0.0),(1.0, 1.0, 1.0)
border_tile (96),(-129.7, 0.1, -96.9),(270.0, 0.0, 0.0),(0.9, 0.8, 0.9)
border_tile (72),(-47.7, 0.1, -35.9),(270.0, 90.0, 0.0),(1.1, 0.9, 0.9)
fence (11),(97.3, 3.1, 74.1),(270.0, 270.0, 0.0),(1.0, 1.0, 1.0)
tower (8),(-182.7, 14.1, -187.5),(270.0, 0.0, 0.0),(1.0, 1.0, 1.0)
border_tile,(74.3, -0.9, -45.9),(270.0, 0.0, 0.0),(1.0, 0.9, 1.0)
road (5),(-80.7, -0.9, -1.9),(270.0, 0.0, 0.0),(1.8, 0.4, 1.0)
CC_ME_R4 (1),(-123.3, 1.7, -61.1),(0.0, 270.0, 0.0),(2.5, 2.5, 2.5)
tower (7),(-146.7, 14.1, -187.5),(270.0, 0.0, 0.0),(1.0, 1.0, 1.0)
border_tile (27),(131.3, -0.9, -122.9),(270.0, 0.0, 0.0),(1.3, 1.0, 1.3)
border_tile (17),(125.3, -0.9, -83.9),(270.0, 0.0, 0.0),(1.3, 1.2, 1.3)
border_tile (44),(72.3, -0.9, 34.1),(270.0, 0.0, 0.0),(1.2, 1.0, 1.0)
border_tile (36),(95.3, -0.9, 30.1),(270.0, 0.0, 0.0),(0.8, 0.4, 1.0)
border_tile (102),(-129.7, 0.1, -83.9),(270.0, 0.0, 0.0),(0.9, 0.8, 0.9)
border_tile (176),(-63.7, -0.9, 30.1),(270.0, 0.0, 0.0),(0.9, 0.5, 1.0)
border_tile (30),(100.3, -0.9, 41.1),(270.0, 0.0, 0.0),(1.2, 1.0, 1.0)
fence (10),(136.3, 3.1, 110.1),(270.0, 0.0, 0.0),(1.0, 1.0, 1.0)
mushroom1 (30),(113.3, 0.1, -80.9),(270.0, 0.0, 0.0),(2.1, 3.2, 1.1)
jeep,(113.8, 3.7, -11.4),(0.0, 270.0, 0.0),(120.0, 120.0, 120.0)
road_path (1),(25.3, -0.9, -1.9),(270.0, 0.0, 0.0),(0.2, 0.4, 1.0)
border_tile (97),(-129.7, 0.1, -101.9),(270.0, 0.0, 0.0),(1.1, 0.9, 0.9)
border_tile (39),(62.3, -0.9, 38.1),(270.0, 0.0, 0.0),(1.0, 0.6, 0.8)
border_tile (113),(-39.7, -0.9, 102.1),(270.0, 0.0, 0.0),(1.0, 0.7, 0.8)
border_tile (48),(123.3, -0.9, 103.1),(270.0, 0.0, 0.0),(0.9, 0.8, 1.0)
tower (1),(152.3, 14.1, -187.5),(270.0, 0.0, 0.0),(1.0, 1.0, 1.0)
border_tile (65),(-104.7, 0.1, -40.9),(270.0, 0.0, 0.0),(0.9, 0.8, 0.9)
border_tile (154),(-124.7, -0.9, 106.1),(270.0, 270.0, 0.0),(0.9, 0.8, 0.9)
grass1 (18),(53.3, 0.1, -31.9),(0.0, 0.0, 0.0),(0.6, 0.8, 1.0)
mushroom1 (5),(45.3, 0.1, -116.9),(270.0, 0.0, 0.0),(2.1, 3.2, 1.1)
tower (9),(-183.7, 14.1, 183.3),(270.0, 0.0, 0.0),(1.0, 1.0, 1.0)
border_tile (122),(-51.7, -0.9, 115.1),(270.0, 90.0, 0.0),(1.0, 0.7, 0.9)
grass1 (8),(84.3, 0.1, -44.9),(0.0, 0.0, 0.0),(0.6, 0.8, 1.0)
road_path (7),(-20.2, -0.9, -1.9),(270.0, 0.0, 0.0),(0.2, 0.4, 1.0)
border_tile (138),(-122.7, -0.9, 44.1),(270.0, 270.0, 0.0),(0.9, 0.8, 0.9)
border_tile (19),(112.3, -0.9, -35.9),(270.0, 0.0, 0.0),(0.8, 0.7, 0.7)
grass1 (15),(48.3, 0.1, -37.9),(0.0, 0.0, 0.0),(0.6, 0.8, 1.0)
mushroom1 (10),(125.3, 0.1, 84.1),(270.0, 0.0, 0.0),(2.1, 3.2, 1.1)
jeep (1),(-5.3, 3.7, 45.0),(0.0, 180.0, 0.0),(120.0, 120.0, 120.0)
border_tile (26),(131.3, -0.9, -115.9),(270.0, 0.0, 0.0),(1.3, 1.4, 1.3)
fence (22),(-78.7, 3.1, 109.1),(270.0, 0.0, 0.0),(1.0, 1.0, 1.0)
mushroom1 (6),(52.3, 0.1, -123.9),(270.0, 0.0, 0.0),(2.1, 3.2, 1.1)
border_tile (161),(-94.7, -0.9, 51.1),(270.0, 180.1, 0.0),(0.9, 0.8, 0.9)
border_tile (130),(-46.7, -0.9, 85.1),(270.0, 270.0, 0.0),(0.9, 0.7, 0.9)
border_tile (98),(-129.7, 0.1, -109.9),(270.0, 0.0, 0.0),(1.1, 0.8, 0.9)
border_tile (120),(-47.7, -0.9, 115.1),(270.0, 90.0, 0.0),(0.8, 0.6, 0.9)
mushroom1 (29),(115.3, 0.1, -95.9),(270.0, 0.0, 0.0),(2.1, 3.2, 1.1)
border_tile (139),(-127.7, -0.9, 64.1),(270.0, 360.0, 0.0),(0.9, 0.8, 0.9)
border_tile (169),(-94.7, -0.9, 69.1),(270.0, 180.1, 0.0),(1.1, 0.8, 0.9)
border_tile (110),(-39.7, -0.9, 115.1),(270.0, 0.0, 0.0),(0.8, 0.7, 0.8)
Wood_piece (1),(126.3, 5.1, 43.1),(54.5, 0.0, 270.0),(0.2, 0.8, 1.1)
border_tile (172),(-65.7, -0.9, 34.1),(270.0, 0.0, 0.0),(1.0, 0.8, 1.0)
house 6 (1),(-57.1, 0.0, -100.8),(270.0, 270.0, 0.0),(200.0, 200.0, 300.0)
border_tile (21),(104.3, -0.9, -34.9),(270.0, 0.0, 0.0),(0.9, 0.8, 0.8)
border_tile (115),(-39.7, -0.9, 86.1),(270.0, 0.0, 0.0),(1.0, 0.8, 0.9)
mushroom1 (2),(44.3, 0.1, -42.9),(270.0, 0.0, 0.0),(2.1, 3.2, 1.1)
Wood_piece,(128.3, 5.1, 43.1),(45.0, 0.0, 270.0),(0.2, 0.8, 1.1)
box (3),(103.3, -0.9, -44.9),(270.0, 0.0, 0.0),(1.0, 0.8, 1.1)
mushroom2 (6),(118.3, 0.1, -105.9),(270.0, 0.0, 0.0),(2.2, 3.3, 1.0)
border_tile (66),(-104.7, 0.1, -44.9),(270.0, 0.0, 0.0),(1.1, 0.9, 0.9)
border_tile (132),(-109.7, -0.9, 44.1),(270.0, 270.0, 0.0),(0.9, 0.8, 0.9)
mushroom1 (27),(116.3, 0.1, -116.9),(270.0, 0.0, 0.0),(2.1, 3.2, 1.1)
tower (6),(21.3, 14.1, -187.5),(270.0, 0.0, 0.0),(1.0, 1.0, 1.0)
border_tile (99),(-129.7, 0.1, -105.9),(270.0, 0.0, 0.0),(0.9, 0.7, 0.9)
border_tile (146),(-128.7, -0.9, 105.1),(270.0, 270.0, 0.0),(0.8, 0.7, 0.9)
box (12),(-93.7, -0.9, 114.1),(270.0, 0.0, 0.0),(1.1, 0.9, 1.2)
border_tile (15),(131.3, -0.9, -78.9),(270.0, 0.0, 0.0),(1.3, 1.2, 1.3)
sideborder (8),(32.3, -0.9, 78.1),(90.0, 270.0, 0.0),(-1.7, -1.0, -1.0)
border_tile (42),(66.3, -0.9, 38.1),(270.0, 0.0, 0.0),(0.8, 0.5, 0.8)
box (9),(-43.7, -0.9, 123.1),(270.0, 0.0, 0.0),(1.0, 0.8, 1.1)
fence (21),(-78.7, 3.1, 77.1),(270.0, 0.0, 0.0),(1.0, 1.0, 1.0)
fence (15),(50.3, 3.1, 74.1),(270.0, 270.0, 0.0),(1.0, 1.0, 1.0)
grass1 (4),(80.3, 0.1, -37.9),(0.0, 0.0, 0.0),(0.6, 0.8, 1.0)
border_tile (125),(-43.7, -0.9, 86.1),(270.0, 270.0, 0.0),(0.8, 0.6, 0.9)
border_tile (152),(-127.7, -0.9, 101.1),(270.0, 360.0, 0.0),(1.1, 1.1, 0.9)
border_tile (100),(-129.7, 0.1, -92.9),(270.0, 0.0, 0.0),(1.0, 0.7, 0.9)
road_path (2),(3.3, -0.9, -24.9),(270.0, 90.0, 0.0),(0.2, 0.4, 1.0)
mushroom1 (19),(-117.7, 0.1, 119.1),(270.0, 0.0, 0.0),(2.1, 3.2, 1.1)
box,(46.3, -0.9, -47.9),(270.0, 0.0, 0.0),(1.0, 0.8, 1.1)
mushroom2 (1),(57.3, 0.1, -77.9),(270.0, 0.0, 0.0),(2.2, 3.3, 1.0)
tower (5),(-15.7, 14.1, -187.5),(270.0, 0.0, 0.0),(1.0, 1.0, 1.0)
road_path (6),(-141.7, -0.9, -1.9),(270.0, 0.0, 0.0),(0.2, 0.4, 1.0)
sideborder (9),(-135.7, -0.9, 79.1),(90.0, 270.0, 0.0),(-1.7, -1.0, -1.0)
sideborder (10),(-81.7, -0.9, 28.1),(90.0, 180.0, 0.0),(-1.8, -1.0, -1.2)
border_tile (51),(128.3, -0.9, 96.1),(270.0, 0.0, 0.0),(0.9, 0.8, 1.0)
grass1 (9),(90.3, 0.1, -49.9),(0.0, 0.0, 0.0),(0.6, 0.8, 1.0)
fence (9),(136.3, 3.1, 45.1),(270.0, 0.0, 0.0),(1.0, 1.0, 1.0)
fence (4),(139.3, 3.1, -46.9),(270.0, 0.0, 0.0),(1.0, 1.0, 1.0)
border_tile (171),(-94.7, -0.9, 82.1),(270.0, 180.1, 0.0),(0.9, 0.8, 0.9)
mushroom1 (1),(46.3, 0.1, -79.9),(270.0, 0.0, 0.0),(2.1, 3.2, 1.1)
border_tile (80),(-88.7, 0.1, -35.9),(270.0, 90.0, 0.0),(1.0, 0.7, 0.9)
mushroom1 (12),(-31.7, 0.1, 83.1),(270.0, 0.0, 0.0),(2.1, 3.2, 1.1)
border_tile (156),(-115.7, -0.9, 106.1),(270.0, 270.0, 0.0),(1.0, 0.7, 0.9)
sideborder (11),(-27.7, -0.9, 80.1),(90.0, 90.0, 0.0),(-1.7, -1.0, -1.0)
sign (1),(38.3, 4.1, -31.9),(270.0, 0.0, 0.0),(1.0, 1.0, 1.0)
fence (2),(95.3, 3.1, -46.9),(270.0, 0.0, 0.0),(1.0, 1.0, 1.0)
border_tile (2),(78.3, -0.9, -41.9),(270.0, 0.0, 0.0),(0.7, 0.6, 0.7)
box (4),(127.3, -0.9, 41.1),(270.0, 0.0, 0.0),(1.1, 0.8, 1.1)
road (2),(2.7, -0.9, 108.1),(270.0, 90.0, 0.0),(2.7, 0.4, 1.0)
border_tile (79),(-93.7, 0.1, -35.9),(270.0, 90.0, 0.0),(1.1, 1.1, 0.9)
border_tile (29),(105.3, -0.9, 46.1),(270.0, 0.0, 0.0),(1.1, 1.0, 1.0)
grass1 (13),(64.3, 0.1, -44.9),(0.0, 0.0, 0.0),(0.6, 0.8, 1.0)
fence (12),(53.3, 3.1, 30.1),(270.0, 90.0, 0.0),(1.0, 1.0, 1.0)
border_tile (23),(125.3, -0.9, -115.9),(270.0, 0.0, 0.0),(1.3, 1.0, 1.3)
minibus,(-123.6, 3.2, -36.9),(270.0, 88.8, 0.0),(0.4, 0.4, 0.4)
post_box,(63.3, 3.1, -29.9),(270.0, 0.0, 0.0),(1.0, 1.0, 1.0)
grass1 (7),(90.3, 0.1, -45.9),(0.0, 0.0, 0.0),(0.6, 0.8, 1.0)
grass1 (19),(45.3, 0.1, -32.9),(0.0, 0.0, 0.0),(0.6, 0.8, 1.0)
border_tile (150),(-94.7, -0.9, 55.1),(270.0, 180.1, 0.0),(1.0, 0.7, 0.9)
border_tile (137),(-118.7, -0.9, 43.1),(270.0, 270.0, 0.0),(1.1, 0.9, 0.9)
border_tile (68),(-104.7, 0.1, -61.9),(270.0, 0.0, 0.0),(0.9, 0.7, 0.9)
road (1),(3.0, -0.9, -111.9),(270.0, 90.0, 0.0),(2.7, 0.4, 1.0)
sideborder (16),(87.3, -0.9, -31.9),(90.0, 0.0, 0.0),(-1.8, -1.0, -1.0)
border_tile (121),(-43.7, -0.9, 115.1),(270.0, 90.0, 0.0),(0.9, 0.7, 0.9)
gate_a (4),(2.3, 6.1, 185.3),(270.0, 0.0, 0.0),(1.0, 1.0, 1.0)
border_tile (54),(132.3, -0.9, 89.1),(270.0, 0.0, 0.0),(0.9, 0.8, 1.0)
border_tile (149),(-127.7, -0.9, 91.1),(270.0, 360.0, 0.0),(1.0, 0.7, 0.9)
border_tile (11),(117.3, -0.9, -39.9),(270.0, 0.0, 0.0),(0.9, 0.8, 0.8)
wall (6),(-71.7, -1.9, 184.3),(270.0, 0.0, 0.0),(0.7, 1.8, 0.9)
border_tile (45),(123.3, -0.9, 89.1),(270.0, 0.0, 0.0),(0.9, 0.8, 1.0)
border_tile (56),(136.3, -0.9, 92.1),(270.0, 0.0, 0.0),(0.9, 0.8, 1.0)
border_tile (62),(-34.7, 0.1, -44.9),(270.0, 0.0, 0.0),(1.1, 0.9, 0.9)
box (1),(48.3, -0.9, -52.9),(270.0, 0.0, 0.0),(1.0, 0.8, 1.1)
border_tile (166),(-94.7, -0.9, 92.1),(270.0, 180.1, 0.0),(1.1, 1.1, 0.9)
tower (2),(189.3, 14.1, -187.5),(270.0, 0.0, 0.0),(1.0, 1.0, 1.0)
border_tile (159),(-106.7, -0.9, 106.1),(270.0, 270.0, 0.0),(1.1, 0.9, 0.9)
border_tile (64),(-35.7, 0.1, -35.9),(270.0, 0.0, 0.0),(0.8, 0.7, 0.9)
border_tile (63),(-34.7, 0.1, -40.9),(270.0, 0.0, 0.0),(0.9, 0.8, 0.9)
border_tile (178),(-56.7, -0.9, 39.1),(270.0, 0.0, 0.0),(0.6, 0.5, 1.0)
mushroom1 (31),(118.3, 0.1, -86.9),(270.0, 0.0, 0.0),(2.1, 3.2, 1.1)
mushroom1 (15),(-31.7, 0.1, 122.1),(270.0, 0.0, 0.0),(2.1, 3.2, 1.1)
border_tile (24),(137.3, -0.9, -121.9),(270.0, 0.0, 0.0),(1.3, 1.4, 1.3)
border_tile (155),(-119.7, -0.9, 106.1),(270.0, 270.0, 0.0),(1.1, 0.9, 0.9)
grass1 (21),(37.3, 0.1, -34.9),(0.0, 0.0, 0.0),(0.6, 0.8, 1.0)
fence (5),(125.3, 3.1, -73.9),(270.0, 90.0, 0.0),(1.0, 1.0, 1.0)
tower (11),(21.3, 14.1, 184.0),(270.0, 0.0, 0.0),(1.0, 1.0, 1.0)
gate_a (2),(-164.7, 6.1, -188.5),(270.0, 180.0, 0.0),(1.0, 1.0, 1.0)
fence (20),(-61.7, 3.1, 77.1),(270.0, 90.0, 0.0),(1.0, 1.0, 1.0)
box (10),(-49.7, -0.9, 121.1),(270.0, 0.0, 0.0),(0.9, 0.7, 1.0)
border_tile (174),(-60.7, -0.9, 38.1),(270.0, 0.0, 0.0),(1.1, 0.8, 1.0)
border_tile (49),(123.3, -0.9, 108.1),(270.0, 0.0, 0.0),(0.9, 0.8, 1.0)
border_tile (127),(-54.7, -0.9, 85.1),(270.0, 270.0, 0.0),(1.0, 0.7, 0.9)
road_empty (2),(-164.7, -0.9, -1.0),(270.0, 0.0, 0.0),(0.5, 0.4, 1.0)
border_tile (128),(-62.7, -0.9, 85.1),(270.0, 270.0, 0.0),(0.9, 0.7, 0.9)
border_tile (162),(-94.7, -0.9, 47.1),(270.0, 180.1, 0.0),(1.1, 0.9, 0.9)
plane,(1.2, 2.1, -68.8),(0.0, 0.0, 0.0),(1.0, 1.0, 1.0)
mushroom1 (22),(111.3, 0.1, 119.1),(270.0, 0.0, 0.0),(2.1, 3.2, 1.1)
border_tile (118),(-111.7, -0.9, 110.1),(270.0, 270.0, 0.0),(0.7, 0.7, 0.9)
border_tile (7),(57.3, -0.9, -32.9),(270.0, 0.0, 0.0),(0.9, 0.7, 0.8)
border_tile (151),(-61.7, -0.9, 34.1),(270.0, 0.0, 0.0),(0.7, 0.7, 1.0)
mushroom1 (17),(-33.7, 0.1, 64.1),(270.0, 0.0, 0.0),(2.1, 3.2, 1.1)
border_tile (69),(-104.7, 0.1, -66.9),(270.0, 0.0, 0.0),(1.1, 0.8, 0.9)
border_tile (31),(105.3, -0.9, 41.1),(270.0, 0.0, 0.0),(0.9, 0.8, 1.0)
Panzer_II_Ausf_F_static (1),(1.5, -0.9, 140.4),(270.0, 347.5, 0.0),(5.0, 5.0, 5.0)
border_tile (135),(-100.7, -0.9, 44.1),(270.0, 270.0, 0.0),(0.9, 0.7, 0.9)
box (2),(100.3, -0.9, -39.9),(270.0, 0.0, 0.0),(0.9, 0.7, 1.0)
grass1 (16),(46.3, 0.1, -35.9),(0.0, 0.0, 0.0),(0.6, 0.8, 1.0)
border_tile (14),(131.3, -0.9, -83.9),(270.0, 0.0, 0.0),(1.3, 0.9, 1.3)
border_tile (74),(-43.7, 0.1, -35.9),(270.0, 90.0, 0.0),(0.9, 0.7, 0.9)
fence (16),(82.3, 3.1, 110.1),(270.0, 180.0, 0.0),(1.0, 1.0, 1.0)
sideborder (6),(140.3, -0.9, 80.1),(90.0, 90.0, 0.0),(-1.7, -1.0, -1.0)
Panzer_II_Ausf_F_static,(8.9, -0.9, 84.7),(270.0, 16.7, 0.0),(5.0, 5.0, 5.0)
border_tile (116),(-39.7, -0.9, 94.1),(270.0, 0.0, 0.0),(1.0, 0.8, 0.9)
grass1 (17),(49.3, 0.1, -32.9),(0.0, 0.0, 0.0),(0.6, 0.8, 1.0)
fence (6),(50.3, 3.1, -73.9),(270.0, 90.0, 0.0),(1.0, 1.0, 1.0)
border_tile (175),(-65.7, -0.9, 38.1),(270.0, 0.0, 0.0),(0.9, 0.7, 1.0)
fence,(36.3, 3.1, -51.9),(270.0, 180.0, 0.0),(1.0, 1.0, 1.0)
border_tile (177),(-67.7, -0.9, 30.1),(270.0, 0.0, 0.0),(0.6, 0.5, 1.0)
border_tile (144),(-127.7, -0.9, 55.1),(270.0, 360.0, 0.0),(1.1, 1.1, 0.9)
grass1 (6),(72.3, 0.1, -36.9),(0.0, 0.0, 0.0),(0.6, 0.8, 1.0)
border_tile (157),(-102.7, -0.9, 106.1),(270.0, 270.0, 0.0),(0.9, 0.7, 0.9)
tower (12),(-146.7, 14.1, 183.2),(270.0, 0.0, 0.0),(1.0, 1.0, 1.0)
wall,(96.3, -1.9, -187.5),(270.0, 0.0, 0.0),(0.7, 1.8, 0.9)
mushroom1 (28),(92.3, 0.1, 83.1),(270.0, 0.0, 0.0),(2.1, 3.2, 1.1)
road_path (3),(2.5, -0.9, 22.5),(270.0, 90.0, 0.0),(0.2, 0.4, 1.0)
border_tile (158),(-97.7, -0.9, 106.1),(270.0, 270.0, 0.0),(1.1, 0.9, 0.9)
border_tile (85),(-104.7, 0.1, -53.9),(270.0, 0.0, 0.0),(0.9, 0.8, 0.9)
mushroom1 (24),(95.3, 0.1, 119.1),(270.0, 0.0, 0.0),(2.1, 3.2, 1.1)
grass1 (11),(61.3, 0.1, -42.9),(0.0, 0.0, 0.0),(0.6, 0.8, 1.0)
wall (4),(-72.7, -1.9, -187.5),(270.0, 0.0, 0.0),(0.7, 1.8, 0.9)
mushroom1 (23),(103.3, 0.1, 124.1),(270.0, 0.0, 0.0),(2.1, 3.2, 1.1)
border_tile (3),(74.3, -0.9, -40.9),(270.0, 0.0, 0.0),(0.9, 0.8, 0.9)
border_tile (4),(69.3, -0.9, -39.9),(270.0, 0.0, 0.0),(1.1, 1.0, 1.1)
shop_1 (1),(60.4, 10.3, 54.7),(270.0, 90.0, 0.0),(2.0, 2.0, 2.0)
grass1 (3),(84.3, 0.1, -41.9),(0.0, 0.0, 0.0),(0.6, 0.8, 1.0)
border_tile (112),(-39.7, -0.9, 107.1),(270.0, 0.0, 0.0),(1.0, 0.8, 0.9)
Classic_car_1955_style2 (2),(38.9, 1.4, 7.5),(0.0, 90.0, 0.0),(0.2, 0.3, 0.1)
border_tile (101),(-129.7, 0.1, -88.9),(270.0, 0.0, 0.0),(1.1, 0.9, 0.9)
border_tile (142),(-127.7, -0.9, 73.1),(270.0, 360.0, 0.0),(0.9, 0.7, 0.9)
grass1,(84.3, 0.1, -38.9),(0.0, 0.0, 0.0),(0.6, 0.8, 1.0)
border_tile (38),(52.3, -0.9, 38.1),(270.0, 0.0, 0.0),(1.0, 0.8, 0.8)
border_tile (76),(-61.7, 0.1, -35.9),(270.0, 90.0, 0.0),(1.1, 0.9, 0.9)
road_path,(147.3, -0.9, -1.9),(270.0, 0.0, 0.0),(0.2, 0.4, 1.0)
Baker_house (2),(-110.6, -0.2, 75.2),(270.0, 0.0, 0.0),(2.6, 5.1, 4.5)
road (6),(-164.7, -0.9, 108.1),(270.0, 90.0, 0.0),(2.7, 0.4, 1.0)
border_tile (123),(-55.7, -0.9, 115.1),(270.0, 90.0, 0.0),(0.8, 0.7, 0.9)
war_plane_bomber_1,(118.7, 6.1, -53.2),(270.0, 180.0, 0.0),(0.5, 0.5, 0.5)
road_path (4),(169.8, -0.9, 21.1),(270.0, 90.0, 0.0),(0.2, 0.4, 1.0)
mushroom1 (18),(-110.7, 0.1, 113.1),(270.0, 0.0, 0.0),(2.1, 3.2, 1.1)
border_tile (114),(-39.7, -0.9, 90.1),(270.0, 0.0, 0.0),(0.9, 0.7, 0.8)
box (7),(-27.7, -0.4, -120.9),(270.0, 0.0, 0.0),(1.1, 0.8, 1.2)
border_tile (104),(-119.7, 0.1, -79.9),(270.0, 0.0, 0.0),(1.0, 0.9, 0.9)
fence (8),(120.3, 3.1, 30.1),(270.0, 90.0, 0.0),(1.0, 1.0, 1.0)
fence (19),(-78.7, 3.1, 45.1),(270.0, 0.0, 0.0),(1.0, 1.0, 1.0)
border_tile (124),(-62.7, -0.9, 115.1),(270.0, 90.0, 0.0),(0.8, 0.6, 0.9)
border_tile (57),(-34.7, 0.1, -53.9),(270.0, 0.0, 0.0),(0.9, 0.8, 0.9)
road (7),(-164.7, -0.9, -111.9),(270.0, 90.0, 0.0),(2.6, 0.4, 1.0)
mushroom1 (13),(-31.7, 0.1, 101.1),(270.0, 0.0, 0.0),(2.1, 3.2, 1.1)
box (8),(-80.7, 0.1, -34.9),(270.0, 0.0, 0.0),(1.0, 0.8, 1.1)
border_tile (18),(108.3, -0.9, -39.9),(270.0, 0.0, 0.0),(0.9, 0.8, 0.8)
border_tile (67),(-104.7, 0.1, -48.9),(270.0, 0.0, 0.0),(1.0, 0.7, 0.9)
wall (1),(189.3, -1.9, -31.6),(270.0, 90.0, 0.0),(1.8, 1.8, 0.9)
border_tile (5),(64.3, -0.9, -39.9),(270.0, 0.0, 0.0),(0.9, 0.8, 0.9)
fence (3),(122.3, 3.1, -31.9),(270.0, 270.0, 0.0),(1.0, 1.0, 1.0)
border_tile (10),(113.3, -0.9, -39.9),(270.0, 0.0, 0.0),(1.0, 0.9, 1.0)
border_tile (140),(-127.7, -0.9, 69.1),(270.0, 360.0, 0.0),(1.1, 0.9, 0.9)
border_tile (84),(-83.7, 0.1, -35.9),(270.0, 90.0, 0.0),(0.9, 0.8, 0.9)
border_tile (37),(57.3, -0.9, 37.1),(270.0, 0.0, 0.0),(1.2, 1.0, 1.0)
fence (14),(82.3, 3.1, 45.1),(270.0, 0.0, 0.0),(1.0, 1.0, 1.0)
border_tile (70),(-104.7, 0.1, -57.9),(270.0, 0.0, 0.0),(1.1, 0.9, 0.9)
border_tile (82),(-70.7, 0.1, -35.9),(270.0, 90.0, 0.0),(1.1, 0.8, 0.9)
mushroom1 (21),(-87.7, 0.1, 104.1),(270.0, 0.0, 0.0),(2.1, 3.2, 1.1)
Tree_2 (9),(90.6, 5.3, 138.0),(270.0, 0.7, 0.0),(1.0, 1.0, 1.0)
Lamp (26),(21.6, 11.5, 18.9),(270.0, 270.0, 0.0),(0.2, 0.2, 0.2)
Lamp (34),(-20.3, 11.5, 68.9),(270.0, 270.0, 0.0),(0.2, 0.2, 0.2)
Lamp (20),(110.9, 11.5, -22.9),(270.0, 270.0, 0.0),(0.2, 0.2, 0.2)
Tree_1 (17),(45.4, 7.1, -35.6),(270.0, 177.5, 0.0),(1.0, 1.0, 1.0)
Lamp (22),(147.3, 11.5, -46.9),(270.0, 270.0, 0.0),(0.2, 0.2, 0.2)
Tree_4 (22),(87.5, 1.9, 36.6),(270.0, 270.0, 0.0),(0.8, 0.8, 0.6)
Rock (19),(33.9, 2.8, 160.7),(270.0, 131.0, 0.0),(2.8, 2.8, 2.8)
Lamp (23),(147.2, 11.5, -22.9),(270.0, 270.0, 0.0),(0.2, 0.2, 0.2)
Bush (11),(44.8, 0.6, 34.0),(270.0, 90.0, 0.0),(2.2, 2.2, 2.2)
Tree_1 (3),(-63.5, 5.3, -168.9),(270.0, 281.4, 0.0),(1.2, 1.2, 1.2)
Lamp (33),(150.6, 11.5, 68.9),(270.0, 270.0, 0.0),(0.2, 0.2, 0.2)
Lamp (24),(-102.5, 11.5, 18.9),(270.0, 270.0, 0.0),(0.2, 0.2, 0.2)
Tree_4 (20),(-36.8, 2.0, 36.6),(270.0, 270.0, 0.0),(0.8, 0.8, 0.6)
Rock (13),(-70.5, 1.2, -140.9),(270.0, 174.7, 0.0),(1.5, 1.5, 1.5)
Bush (10),(-89.6, 0.6, 34.0),(270.0, 90.0, 0.0),(2.2, 2.2, 2.2)
Tree_2 (7),(90.6, 5.3, -175.3),(270.0, 325.5, 0.0),(1.0, 1.0, 1.0)
Bush (17),(131.0, 0.6, 113.3),(0.0, 0.0, 0.0),(2.2, 2.2, 2.2)
Flowers (11),(-35.4, -0.1, -92.1),(270.0, 270.0, 0.0),(0.5, 0.5, 0.5)
Tree_2 (5),(113.3, 5.3, -159.7),(270.0, 325.5, 0.0),(1.0, 1.0, 1.0)
Fountain1 (2),(-116.6, 3.8, 153.2),(270.0, 270.0, 0.0),(3.0, 3.0, 3.0)
Lamp (31),(27.2, 11.5, 68.9),(270.0, 270.0, 0.0),(0.2, 0.2, 0.2)
Flowers (10),(-35.4, -0.1, -98.3),(270.0, 270.0, 0.0),(0.5, 0.5, 0.5)
Bush (20),(89.4, 0.6, 53.9),(270.0, 90.0, 0.0),(2.2, 2.2, 2.2)
GrassTile (9),(87.2, -3.0, -104.1),(270.0, 180.0, 0.0),(3.4, 5.3, 1.0)
Flowers (8),(-35.4, -0.1, -110.7),(270.0, 270.0, 0.0),(0.5, 0.5, 0.5)
Flowers (7),(-35.4, -0.1, -110.7),(270.0, 270.0, 0.0),(0.5, 0.5, 0.5)
Lamp (13),(22.3, 11.5, -82.6),(270.0, 270.0, 0.0),(0.2, 0.2, 0.2)
Flowers (12),(-35.4, -0.1, -83.9),(270.0, 270.0, 0.0),(0.5, 0.5, 0.5)
Bush (21),(87.5, 0.6, 60.1),(270.0, 90.0, 0.0),(2.2, 2.2, 2.2)
Tree_4 (23),(130.5, 1.0, 61.9),(270.0, 270.0, 0.0),(0.8, 0.5, 0.4)
Lamp (29),(-20.0, 11.5, 18.9),(270.0, 270.0, 0.0),(0.2, 0.2, 0.2)
Tree_1 (15),(-63.5, 5.3, 144.4),(270.0, 281.4, 0.0),(1.2, 1.2, 1.2)
Flowers (9),(-35.4, -0.1, -104.6),(270.0, 270.0, 0.0),(0.5, 0.5, 0.5)
Rock (22),(97.7, 2.8, 165.6),(270.0, 195.7, 0.0),(2.1, 2.1, 2.1)
Tree_2 (11),(121.1, 5.5, 142.0),(270.0, 325.5, 0.0),(1.0, 1.0, 1.0)
Tree_1 (12),(-72.3, 3.3, 46.6),(270.0, 0.0, 0.0),(0.7, 0.7, 0.7)
Flowers (13),(56.2, -0.4, 102.6),(270.0, 270.0, 0.0),(5.8, 4.0, 0.5)
GrassTile (10),(-80.8, -3.2, 100.8),(270.0, 180.0, 0.0),(3.4, 5.3, 1.0)
Tree_1 (8),(39.6, 7.1, -85.6),(270.0, 177.5, 0.0),(1.3, 1.3, 1.3)
Tree_1 (10),(136.5, 6.7, -67.0),(270.0, 177.5, 0.0),(1.3, 1.3, 1.3)
NaturePark,(108.3, 5.3, -338.1),(0.0, 0.0, 0.0),(5.0, 5.0, 4.0)
Bush (15),(-89.6, 0.6, 34.0),(270.0, 90.0, 0.0),(2.2, 2.2, 2.2)
Tree_2 (13),(-33.9, 2.0, 117.9),(270.0, 0.7, 0.0),(0.5, 0.5, 0.5)
GrassTile (8),(-80.8, -3.0, -104.1),(270.0, 180.0, 0.0),(3.4, 5.3, 1.0)
Rock (21),(-31.6, 1.3, 174.0),(270.0, 174.7, 0.0),(1.5, 1.5, 1.5)
Lamp (15),(-145.7, 11.5, -22.9),(270.0, 270.0, 0.0),(0.2, 0.2, 0.2)
Tree_1 (9),(41.0, 7.1, -116.8),(270.0, 177.5, 0.0),(1.3, 1.3, 1.3)
Lamp (30),(150.5, 11.5, 18.9),(270.0, 270.0, 0.0),(0.2, 0.2, 0.2)
Bush (16),(131.0, 0.6, 123.2),(0.0, 0.0, 0.0),(2.2, 2.2, 2.2)
Rock (20),(-31.1, 1.3, 154.8),(270.0, 174.7, 0.0),(1.5, 1.5, 1.5)
Tree_1 (16),(-43.1, 5.3, 168.4),(270.0, 281.4, 0.0),(1.2, 1.2, 1.2)
Tree_1 (7),(40.3, 7.1, -100.8),(270.0, 177.5, 0.0),(1.3, 1.3, 1.3)
Lamp (28),(115.8, 11.5, 18.9),(270.0, 270.0, 0.0),(0.2, 0.2, 0.2)
Tree_1 (6),(-72.3, 3.3, 33.9),(270.0, 0.0, 0.0),(0.7, 0.7, 0.7)
Tree_4 (21),(-34.1, 7.1, 48.3),(270.0, 270.0, 0.0),(0.5, 0.5, 0.4)
Lamp (16),(-17.0, 11.5, -22.9),(270.0, 270.0, 0.0),(0.2, 0.2, 0.2)
Lamp (27),(67.3, 11.5, 18.9),(270.0, 270.0, 0.0),(0.2, 0.2, 0.2)
Fountain1 (1),(-116.6, 3.7, -159.8),(270.0, 270.0, 0.0),(3.0, 3.0, 3.0)
Fountain_1 (1),(67.0, 1.5, -57.5),(270.0, 270.0, 0.0),(2.0, 2.0, 2.0)
Bush (14),(-120.3, 0.6, 34.0),(270.0, 90.0, 0.0),(2.2, 2.2, 2.2)
Rock (17),(31.1, 2.7, -135.8),(270.0, 131.0, 0.0),(2.8, 2.8, 2.8)
Bush (18),(131.0, 0.6, 105.3),(0.0, 0.0, 0.0),(2.2, 2.2, 2.2)
Lamp (18),(-145.7, 11.5, 18.9),(270.0, 270.0, 0.0),(0.2, 0.2, 0.2)
Bush (13),(-110.1, 0.6, 34.0),(270.0, 90.0, 0.0),(2.2, 2.2, 2.2)
Rock (18),(-70.5, 1.3, 172.4),(270.0, 174.7, 0.0),(1.5, 1.5, 1.5)
Tree_1 (18),(87.9, 7.1, -43.7),(270.0, 177.5, 0.0),(1.0, 1.0, 1.0)
Lamp (32),(-145.7, 11.5, 68.9),(270.0, 270.0, 0.0),(0.2, 0.2, 0.2)
Rock (15),(-31.1, 1.5, -158.5),(270.0, 174.7, 0.0),(1.5, 1.5, 1.5)
GrassTile (11),(85.8, -3.2, 100.8),(270.0, 180.0, 0.0),(3.4, 5.3, 1.0)
Bush (19),(39.9, 0.6, 41.6),(270.0, 90.0, 0.0),(2.2, 2.2, 2.2)
Lamp (14),(66.1, 11.5, -22.9),(270.0, 270.0, 0.0),(0.2, 0.2, 0.2)
Tree_1 (14),(-34.9, 3.3, 78.6),(270.0, 0.0, 0.0),(0.7, 0.7, 0.7)
Lamp (12),(-145.7, 11.5, -82.6),(270.0, 270.0, 0.0),(0.2, 0.2, 0.2)
Lamp (11),(-15.7, 11.5, -82.6),(270.0, 270.0, 0.0),(0.2, 0.2, 0.2)
Rock (14),(-31.6, 1.3, -139.2),(270.0, 174.7, 0.0),(1.5, 1.5, 1.5)
Tree_1 (11),(-72.3, 3.3, 33.9),(270.0, 0.0, 0.0),(0.7, 0.7, 0.7)
Lamp (21),(22.6, 11.5, -22.9),(270.0, 270.0, 0.0),(0.2, 0.2, 0.2)
Lamp (19),(-56.8, 11.5, -22.9),(270.0, 270.0, 0.0),(0.2, 0.2, 0.2)
Bush (12),(-99.6, 0.6, 34.0),(270.0, 90.0, 0.0),(2.2, 2.2, 2.2)
Rock (16),(97.7, 2.7, -147.7),(270.0, 195.7, 0.0),(2.1, 2.1, 2.1)
Tree_1 (5),(-43.1, 5.3, -144.6),(270.0, 281.4, 0.0),(1.2, 1.2, 1.2)
Tree_2 (10),(113.3, 5.3, 153.6),(270.0, 325.5, 0.0),(1.0, 1.0, 1.0)
Lamp (17),(-102.0, 11.5, -22.9),(270.0, 270.0, 0.0),(0.2, 0.2, 0.2)
Lamp (25),(-62.7, 11.5, 18.9),(270.0, 270.0, 0.0),(0.2, 0.2, 0.2)
Tree_1 (13),(-72.3, 3.3, 62.3),(270.0, 0.0, 0.0),(0.7, 0.7, 0.7)
Tree_2 (8),(121.1, 5.3, -171.0),(270.0, 325.5, 0.0),(1.0, 1.0, 1.0)
!
