Baker_house(1) -88.2 16.6 103.4 0 0 0 33.37027 36.02132 29.68125 Baker_house
Rock(16) -98.13 2.66 146.88 0 0 0 9.91114 -6.235207 5.803997 Rock
Rock(17) -30.9 2.66 134.87 0 330 0 12.39336 -8.467579 8.525099 Rock
war_plane_bomber_1 -118.07 2.89 53.28 0 0 0 15.23841 7.037319 2.151012 war_plane_bomber_1
Tree_1(7) -40.11 8.09 101.16 0 0 0 1.426455 14.07933 1.437693 Tree_1
Tree_1(8) -39.65 8.09 86.22 0 0 0 1.426455 14.07933 1.414814 Tree_1
Tree_1(17) -45.41 8.09 36.5 0 0 0 1.426455 14.07933 2.149689 Tree_1
Tree_2(7) -90.4 7.25 174.92 0 0 0 1.40206 14.07933 1.240686 Tree_2
Tree_2(5) -113.19 7.25 159.48 0 0 0 1.40206 14.07933 1.240686 Tree_2
Tree_2(8) -120.97 7.25 170.81 0 0 0 1.40206 14.07933 1.240686 Tree_2
Tree_1(10) -136.47 7.25 67.46 0 0 0 0.7932843 14.07933 1.240686 Tree_1
Tree_1(18) -87.81 8.09 44.42 0 0 0 0.7932843 14.07933 1.240686 Tree_1
shop_1 -130.23 5.57 100.23 0 0 0 9.881517 10.92269 14.35007 shop_1
shop_1(2) -60.6 5.57 157.7 0 0 0 22.5546 27.62885 30.84099 shop_1 
post_box -63.31 3.35 30.25 0 0 0 1.426455 6.150567 2.149689 post_box 
Rock(17) -30.9 2.66 134.87 0 330 0 12.39336 -8.467579 8.525099 Rock
Rock(16) -98.13 2.66 146.88 0 0 0 9.91114 -6.235207 5.803997 Rock
mushroom1(4) -51.3 0.1 86.9 270 0 0 2.141463 3.236994 1.096769 mushroom1
mushroom1 -57.3 0.1 42.9 270 0 0 2.141463 3.236994 1.096769 mushroom1
mushroom1(3) -48.3 0.1 99.9 270 0 0 2.141463 3.236994 1.096769 mushroom1
mushroom2 -52.3 1.1 40.9 270 0 0 2.456341 3.712956 1.258036 mushroom2
mushroom1(30) -113.3 0.1 80.9 270 0 0 2.141463 3.236994 1.096769 mushroom1
mushroom1(5) -45.3 0.1 116.9 270 0 0 2.141463 3.236994 1.096769 mushroom1
mushroom1(6) -52.3 0.1 123.9 270 0 0 2.141463 3.236994 1.096769 mushroom1
mushroom1(29) -115.3 0.1 95.9 270 0 0 2.141463 3.236994 1.096769 mushroom1
mushroom1(2) -44.3 0.1 42.9 270 0 0 2.141463 3.236994 1.096769 mushroom1
mushroom2(6) -118.3 0.1 105.9 270 0 0 2.151406 3.252022 1.04772 mushroom2
mushroom1(27) -116.3 0.1 116.9 270 0 0 2.141463 3.236994 1.096769 mushroom1
mushroom2(1) -57.3 0.1 77.9 270 0 0 2.151406 3.252022 1.04772 mushroom2
mushroom1(1) -46.3 0.1 79.9 270 0 0 2.141463 3.236994 1.096769 mushroom1
mushroom1(31) -118.3 0.1 86.9 270 0 0 2.141463 3.236994 1.096769 mushroom1
Lamp(13) -22.39 8.88 82.93 0 0 0 0.9637262 17.98636 1.361412 Lamp
Lamp(21) -22.58 8.88 23.34 0 0 0 0.9637262 17.98636 1.361412 Lamp
Lamp(14) -66.17 8.88 23.34 0 0 0 0.9637262 17.98636 1.361412 Lamp
Lamp(20) -110.77 8.88 23.34 0 0 0 0.9637262 17.98636 1.361412 Lamp
Lamp(22) -147.15 8.88 47.17 0 0 0 0.9637262 17.98636 1.361412 Lamp
Lamp(23) -147.15 8.88 23.23 0 0 0 0.9637262 17.98636 1.361412 Lamp
Fountain_1(1) -66.4 4.44 57.29 0 0 0 17.36751 10.50059 17.10171 Fountain_1
fence -36.13 2.89 51.8 0 90 0 29.10883 6.756334 0.5486774 fence
fence(7) -121.28 2.89 104.12 0 90 0 29.10883 6.756334 0.5486774 fence
fence(6) -49.6 2.89 73.7 0 0 0 29.10883 6.756334 0.5486774 fence
fence(2) -95.34 2.89 47.1 0 90 0 29.91759 6.756334 0.5486774 fence
fence(5) -125.35 2.89 73.7 0 0 0 29.10883 6.756334 0.5486774 fence
fence(4) -139.5 2.89 47.1 0 90 0 29.91759 6.756334 0.5486774 fence
fence(1) -79 2.89 31.76 0 0 0 32.34248 6.756334 0.5486774 fence
fence(3) -123.11 2.89 31.76 0 0 0 32.34248 6.756334 0.5486774 fence
box(3) -103.25 1.6 44.98 0 0 0 4.406671 3.359733 4.299379 box1
box(2) -100.35 0.77 39.91 0 0 0 4.076105 3.359733 4.299379 box2
box(1) -48.34 1.6 52.91 0 0 0 4.406671 3.359733 4.299379 box3
box -46.26 1.6 47.92 0 0 0 4.406671 3.359733 4.299379 box1
border_tile -74.3 -0.9 45.9 270 0 0 1.043933 0.9129136 1 border_tile
border_tile(20) -108.3 0.1 34.9 270 0 0 1.029832 0.9005823 0.9864923 border_tile
border_tile(25) -125.3 0.1 121.9 270 0 0 1.286495 1.395335 1.312024 border_tile
border_tile(22) -137.3 0.1 115.9 270 0 0 1.286495 1.020099 1.312024 border_tile
border_tile(13) -137.3 0.1 77.9 270 0 0 1.286495 0.8756599 1.312024 border_tile
border_tile(16) -125.3 0.1 77.9 270 0 0 1.286495 0.8756599 1.312024 border_tile
border_tile(6) -59.3 0.1 37.9 270 0 0 1.149548 1.005273 1.10117 border_tile
border_tile(12) -137.3 0.1 83.9 270 0 0 1.286495 1.197765 1.312024 border_tile
border_tile(27) -131.3 0.1 122.9 270 0 0 1.286495 1.020099 1.312024 border_tile
border_tile(17) -125.3 0.1 83.9 270 0 0 1.286495 1.197765 1.312024 border_tile
border_tile(26) -131.3 0.1 115.9 270 0 0 1.286495 1.395335 1.312024 border_tile
border_tile(15) -131.3 0.1 78.9 270 0 0 1.286495 1.197765 1.312024 border_tile
border_tile(23) -125.3 0.1 115.9 270 0 0 1.286495 1.020099 1.312024 border_tile
border_tile(24) -137.3 0.1 121.9 270 0 0 1.286495 1.395335 1.312024 border_tile
border_tile(14) -131.3 0.1 83.9 270 0 0 1.286495 0.8756599 1.312024 border_tile
border_tile(4) -69.3 0.1 39.9 270 0 0 1.149548 1.005273 1.10117 border_tile
border_tile(10) -113.3 0.1 39.9 270 0 0 1.029832 0.9005823 0.9864923 border_tile