fence(9) -136.5 2.81 -44.6 0 0 0 1.035819 6.849862 0.5486774 fence3
fence(10) -136.5 2.81 -109.4 0 0 0 1.035819 6.849862 0.5486774 fence3
fence(13) -35.2 2.81 -45.2 0 0 0 1.035819 6.849862 0.5486774 fence3
fence(12) -53.73 2.81 -29.53 0 90 0 1.035819 6.849862 0.5486774 fence3
fence(8) -120.22 2.81 -29.53 0 90 0 1.035819 6.849862 0.5486774 fence3
fence(11) -97.2 2.81 -73.7 0 90 0 1.035819 6.849862 0.5486774 fence3
fence(16) -82.27 2.81 -109.4 0 0 0 1.035819 6.849862 0.5486774 fence3
fence(14) -82 2.81 -44.6 0 0 0 1.035819 6.849862 0.5486774 fence3
border_tile(34) -94.3 0.1 -34.1 270 0 0 1.169186 0.9088898 0.9738574 border_tile
mushroom1(9) -119.3 0.1 -79.1 270 0 0 2.141463 3.236994 1.096769 mushroom1
mushroom1(25) -88.3 0.1 -124.1 270 0 0 2.141463 3.236994 1.096769 mushroom1
border_tile(50) -123.3 0.1 -112.1 270 0 0 0.8608818 0.849368 0.9864923 border_tile
mushroom1(11) -131.3 0.1 -101.1 270 0 0 2.141463 3.236994 1.096769 mushroom1
border_tile(28) -111.1 0.1 -45.87 270 0 0 1.029832 0.9005823 0.9864923 border_tile
border_tile(32) -99.3 0.1 -36.1 270 0 0 1.029832 0.9005823 0.9864923 border_tile
border_tile(33) -95.3 0.1 -38.1 270 0 0 0.931594 0.8003764 0.9864923 border_tile
border_tile(40) -62.3 0.1 -34.1 270 0 0 1.201418 0.8401743 0.8042852 border_tile
border_tile(55) -136.3 0.1 -87.1 270 0 0 0.8608818 0.849368 0.9864923 border_tile
border_tile(46) -123.3 0.1 -94.1 270 0 0 0.8608818 0.849368 0.9864923 border_tile
border_tile(47) -123.3 0.1 -98.1 270 0 0 0.8608818 0.849368 0.9864923 border_tile
mushroom1(8) -132.3 0.1 -76.1 270 0 0 2.141463 3.236994 1.096769 mushroom1
border_tile(41) -67.3 0.1 -35.1 270 0 0 0.9351839 0.6876123 0.8042852 border_tile
border_tile(53) -132.3 0.1 -94.1 270 0 0 0.8608818 0.849368 0.9864923 border_tile
mushroom1(26) -109.3 0.1 -77.1 270 0 0 2.141463 3.236994 1.096769 mushroom1
mushroom1(7) -123.3 0.1 -73.1 270 0 0 2.141463 3.236994 1.096769 mushroom1
border_tile(35) -99.3 0.1 -31.1 270 0 0 0.8774706 0.8477736 0.9864923 border_tile
border_tile(43) -70.3 0.1 -39.1 270 0 0 0.9656021 0.8401743 0.8042852 border_tile
border_tile(44) -72.3 0.1 -34.1 270 0 0 1.169186 1.017313 0.9738574 border_tile
border_tile(36) -95.3 0.1 -30.1 270 0 0 0.8158397 0.3775029 0.9864923 border_tile
border_tile(30) -100.3 0.1 -41.1 270 0 0 1.169186 1.017313 0.9738574 border_tile
border_tile(39) -62.3 0.1 -38.1 270 0 0 0.9656021 0.6493249 0.8042852 border_tile
border_tile(48) -123.3 0.1 -103.1 270 0 0 0.8608818 0.849368 0.9864923 border_tile
mushroom1(10) -125.3 0.1 -84.1 270 0 0 2.141463 3.236994 1.096769 mushroom1
border_tile(42) -66.3 0.1 -38.1 270 0 0 0.7553669 0.4780814 0.8042852 border_tile
border_tile(51) -128.3 0.1 -96.1 270 0 0 0.8608818 0.849368 0.9864923 border_tile
border_tile(29) -105.3 0.1 -46.1 270 0 0 1.132249 1.030512 0.9864923 border_tile
border_tile(54) -132.3 0.1 -89.1 270 0 0 0.8608818 0.849368 0.9864923 border_tile
border_tile(45) -123.3 0.1 -89.1 270 0 0 0.8608818 0.849368 0.9864923 border_tile
border_tile(56) -136.3 0.1 -92.1 270 0 0 0.8608818 0.849368 0.9864923 border_tile
border_tile(49) -123.3 0.1 -108.1 270 0 0 0.8608818 0.849368 0.9864923 border_tile
mushroom1(22) -111.3 0.1 -119.1 270 0 0 2.141463 3.236994 1.096769 mushroom1
border_tile(31) -105.3 0.1 -41.1 270 0 0 0.931594 0.8003764 0.9864923 border_tile
mushroom1(28) -92.3 0.1 -83.1 270 0 0 2.141463 3.236994 1.096769 mushroom1
mushroom1(24) -95.3 0.1 -119.1 270 0 0 2.141463 3.236994 1.096769 mushroom1
mushroom1(23) -103.3 0.1 -124.1 270 0 0 2.141463 3.236994 1.096769 mushroom1
Bush(21) -87.62 2.52 -60.29 0 0 0 4.576714 4.2689 3.196818 Bush
house_3 -108.51 10.5 -100.05 0 0 0 24.31654 28.16583 29.99177 house_33
Tree_2(11) -120.99 7.67 -142.17 0 0 0 1.209697 16.89033 1.735403 Tree_2
Lamp(31) -21.4 8.88 -68.2 0 0 0 0.9637262 17.98636 1.361412 Lamp
Rock(19) -33.5 2.1 -161.1 0 328.5479 0 13.24817 9.617216 8.971715 Rock
Tree_4(22) -87.83 4.34 -36.38 0 0 0 2.066057 8.604143 2.081695 Tree_4
Lamp(27) -67.17 8.88 -18.84 0 0 0 0.9637262 17.98636 1.361412 Lamp
Bush(11) -44.71 2.52 -33.9 0 0 0 4.576714 4.2689 3.196818 Bush
Lamp(30) -150.56 8.88 -18.84 0 0 0 0.9637262 17.98636 1.361412 Lamp
box(4) -127.3 1.2 -40.96 0 0 0 4.800398 4.253897 4.52768 box2
Lamp(33) -150.73 8.88 -68.66 0 0 0 0.9637262 17.98636 1.361412 Lamp
Bush(20) -89.47 2.52 -53.95 0 0 0 4.576714 4.2689 3.196818 Bush
Lamp(28) -115.62 8.88 -18.84 0 0 0 0.9637262 17.98636 1.361412 Lamp
Bush(18) -131 1.01 -106.2 0 0 0 4.713966 4.353896 3.914715 Bush
Bush(16) -131 1.01 -124.05 0 0 0 4.713966 4.353896 3.914715 Bush
border_tile(38) -52.3 -0.9 -38.1 270 0 0 0.9656021 0.8401743 0.8042852 border_tile
border_tile(37) -57.3 -0.9 -37.1 270 0 0 1.169186 1.017313 0.9738574 border_tile
Tree_2(10) -113.36 7.67 -153.32 0 0 0 1.209697 16.89033 1.735403 Tree_2
Lamp(26) -21.51 8.88 -18.84 0 0 0 0.9637262 17.98636 1.361412 Lamp
Lamp(15) -50.2 2.81 -73.7 0 90 0 1.035819 6.849862 31.36602 Lamp
Tree_2(9) -90.7 7.67 -137.89 0 0 0 1.209697 16.89033 1.735403 Tree_2
Tree_4(23) -130.52 4.34 -62.13 0 0 0 2.066057 8.604143 2.081695 Tree_4
Flowers(13) -56.15 -0.3999996 -102.62 270 270 0 5.780902 4 0.5 Flowers2
Baker_house(4) -108.7 10.6 -60.8 0 0 0 22.74765 20.43121 14.15289 Baker_house
Bush(19) -39.68 2.52 -41.87 0 0 0 4.576714 4.2689 3.196818 Bush
Bush(17) -131 1.01 -114.38 0 0 0 4.713966 4.353896 3.914715 Bush
newHouse -58.8 10.6 -56.2 0 0 0 31.28426 20.43121 20.96583 newHouse


