HotDogTruck(2) 70.05 5.13 -7.95 0 358.98 0 18.83801 10.86362 9.226224 HotDogTruck
HotDogTruck(1) -46.2 5.61 -8.1 0 0 0 21.78838 9.695767 8.446712 HotDogTruck
border_tile(89) 4.72 0.58 -30.38 0 90 0 1.369911 2.277215 6.782398 border_tile2
CC_ME_R4(3) -8.72 3.72 -84.68 0 107.5544 0 22.25121 8.457571 9.801323 CC_ME_R4
CC_ME_R4(2) 46.68 1.49 10.29 0 0 0 16.48439 4.239568 6.325247 CC_ME_R4
jeep -114.51 4.05 11.43 0 0 0 14.07876 8.457571 7.225004 jeep
border_tile(88) -12.38 0.58 -30.03 0 90 0 1.369911 2.277215 6.195532 border_tile2
jeep(1) 5.28 4.05 -45.41 0 90 0 14.41164 8.457571 7.527243 jeep
jeep(2) -1.22 3.72 -141 359.2668 77.50568 -0.08488683 22.25121 8.457571 9.801323 jeep
plane -1.19 1.84 67.14 0 90 0 14.41164 6.098037 4.123413 plane
HotDogTruck -6.9 5.61 113.8 0 81.10503 0 20.12053 9.517722 8.864453 HotDogTruck
