fence(9) -136.5 2.81 -44.6 0 0 0 1.035819 6.849862 0.5486774 fence3
fence(10) -136.5 2.81 -109.4 0 0 0 1.035819 6.849862 0.5486774 fence3
fence(13) -35.2 2.81 -45.2 0 0 0 1.035819 6.849862 0.5486774 fence3
fence(12) -53.73 2.81 -29.53 0 90 0 1.035819 6.849862 0.5486774 fence3
fence(8) -120.22 2.81 -29.53 0 90 0 1.035819 6.849862 0.5486774 fence3
fence(11) -97.2 2.81 -73.7 0 90 0 1.035819 6.849862 0.5486774 fence3
fence(16) -82.27 2.81 -109.4 0 0 0 1.035819 6.849862 0.5486774 fence3
fence(14) -82 2.81 -44.6 0 0 0 1.035819 6.849862 0.5486774 fence3
mushroom1(28) -92.3 0.1 -83.1 270 0 0 2.141463 3.236994 1.096769 mushroom1
mushroom1(24) -95.3 0.1 -119.1 270 0 0 2.141463 3.236994 1.096769 mushroom1
mushroom1(23) -103.3 0.1 -124.1 270 0 0 2.141463 3.236994 1.096769 mushroom1
Bush(21) -87.62 2.52 -60.29 0 0 0 4.576714 4.2689 3.196818 Bush
house_3 -108.51 10.5 -100.05 0 0 0 24.31654 28.16583 29.99177 house_33
Tree_2(11) -120.99 7.67 -142.17 0 0 0 1.209697 16.89033 1.735403 Tree_2
Lamp(31) -21.4 8.88 -68.2 0 0 0 0.9637262 17.98636 1.361412 Lamp
Rock(19) -33.5 2.1 -161.1 0 328.5479 0 13.24817 9.617216 8.971715 Rock
Tree_4(22) -87.83 4.34 -36.38 0 0 0 2.066057 8.604143 2.081695 Tree_4
Lamp(27) -67.17 8.88 -18.84 0 0 0 0.9637262 17.98636 1.361412 Lamp
Bush(11) -44.71 2.52 -33.9 0 0 0 4.576714 4.2689 3.196818 Bush
Lamp(30) -150.56 8.88 -18.84 0 0 0 0.9637262 17.98636 1.361412 Lamp
box(4) -127.3 1.2 -40.96 0 0 0 4.800398 4.253897 4.52768 box2
Lamp(33) -150.73 8.88 -68.66 0 0 0 0.9637262 17.98636 1.361412 Lamp
Bush(20) -89.47 2.52 -53.95 0 0 0 4.576714 4.2689 3.196818 Bush
Lamp(28) -115.62 8.88 -18.84 0 0 0 0.9637262 17.98636 1.361412 Lamp
Bush(18) -131 1.01 -106.2 0 0 0 4.713966 4.353896 3.914715 Bush
Bush(16) -131 1.01 -124.05 0 0 0 4.713966 4.353896 3.914715 Bush
Tree_2(10) -113.36 7.67 -153.32 0 0 0 1.209697 16.89033 1.735403 Tree_2
Lamp(26) -21.51 8.88 -18.84 0 0 0 0.9637262 17.98636 1.361412 Lamp
Tree_2(9) -90.7 7.67 -137.89 0 0 0 1.209697 16.89033 1.735403 Tree_2
Tree_4(23) -130.52 4.34 -62.13 0 0 0 2.066057 8.604143 2.081695 Tree_4
Flowers(13) -55.97 -0.5 -102.37 0 0 0 35.34563 0.5 38.72429 Flowers2
Baker_house(4) -108.7 10.6 -60.8 0 0 0 22.74765 20.43121 14.15289 Baker_house
Bush(19) -39.68 2.52 -41.87 0 0 0 4.576714 4.2689 3.196818 Bush
Bush(17) -131 1.01 -114.38 0 0 0 4.713966 4.353896 3.914715 Bush
newHouse -58.8 10.6 -56.2 0 0 0 31.28426 20.43121 20.96583 newHouse
mushroom1(9) -119.3 0.1 -79.1 270 0 0 2.141463 3.236994 1.096769 mushroom1
mushroom1(25) -88.3 0.1 -124.1 270 0 0 2.141463 3.236994 1.096769 mushroom1
mushroom1(11) -131.3 0.1 -101.1 270 0 0 2.141463 3.236994 1.096769 mushroom1
mushroom1(8) -132.3 0.1 -76.1 270 0 0 2.141463 3.236994 1.096769 mushroom1
mushroom1(26) -109.3 0.1 -77.1 270 0 0 2.141463 3.236994 1.096769 mushroom1
mushroom1(7) -123.3 0.1 -73.1 270 0 0 2.141463 3.236994 1.096769 mushroom1
mushroom1(26) -109.3 0.1 -77.1 270 0 0 2.141463 3.236994 1.096769 mushroom1
mushroom1(7) -123.3 0.1 -73.1 270 0 0 2.141463 3.236994 1.096769 mushroom1
mushroom1(10) -125.3 0.1 -84.1 270 0 0 2.141463 3.236994 1.096769 mushroom1
mushroom1(22) -111.3 0.1 -119.1 270 0 0 2.141463 3.236994 1.096769 mushroom1
border_tile(99) -123.29 -0.52 -112.16 0 0 0 3.491889 0.5 3.996263 border_tile
border_tile(49) -123.36 -0.52 -108.04 0 0 0 3.386913 0.5 4.101573 border_tile
border_tile(48) -123.3 -0.52 -103.1 0 0 0 3.62696 0.5 3.979356 border_tile
border_tile(47) -123.29 -0.52 -98.41 0 0 0 3.387353 0.5 3.666044 border_tile
border_tile(51) -128.34 -0.52 -96.17 0 0 0 3.138858 0.5 4.066986 border_tile
border_tile(94) -132.33 -0.52 -94 0 0 0 3.413535 0.5 3.940056 border_tile
border_tile(46) -123.31 -0.52 -94.19 0 0 0 3.414433 0.5 4.296435 border_tile
border_tile(45) -123.3 -0.52 -89.09 0 0 0 3.531281 0.5 4.074973 border_tile
border_tile(52) -128.24 -0.52 -91.18 0 0 0 3.138858 0.5 4.174642 border_tile
border_tile(54) -132.29 -0.52 -89.07 0 0 0 3.138858 0.5 4.026396 border_tile
border_tile(56) -136.34 -0.52 -92.14 0 0 0 3.374264 0.5 4.009832 border_tile
border_tile(36) -136.32 -0.52 -87.08 0 0 0 3.138858 0.5 3.87311 border_tile
border_tile(37) -57.28 -0.547 -37.04 0 0 0 4.629234 0.5 4.788324 border_tile
border_tile(38) -52.31 -0.547 -38.14 0 0 0 3.461956 0.5 3.938952 border_tile
border_tile(42) -66.42 -0.547 -38.06 0 0 0 2.551313 0.5 2.06513 border_tile
border_tile(43) -70.25 -0.547 -39.12 0 0 0 3.461956 0.5 3.784094 border_tile
border_tile(39) -62.18 -0.547 -38.14 0 0 0 3.461956 0.5 3.066359 border_tile
border_tile(40) -62.32 -0.547 -34.23 0 0 0 4.934304 0.5 3.770822 border_tile
border_tile(41) -67.27 -0.547 -35.11 0 0 0 3.461956 0.5 3.066359 border_tile
border_tile(44) -72.37 -0.547 -34.09 0 0 0 4.614423 0.5 4.586261 border_tile
border_tile(28) -111.14 -0.52 -45.85 0 0 0 4.063228 0.5 3.911296 border_tile
border_tile(29) -105.27 -0.52 -46.12 0 0 0 4.579669 0.5 4.727863 border_tile
border_tile(30) -100.38 -0.52 -41.03 0 0 0 4.66244 0.5 4.622992 border_tile
border_tile(31) -105.27 -0.52 -41.03 0 0 0 3.587246 0.5 4.092992 border_tile
border_tile(33) -95.23 -0.52 -38.1 0 0 0 3.587246 0.5 4.092992 border_tile
border_tile(34) -94.29 -0.52 -33.92 0 0 0 4.567308 0.5 4.092992 border_tile
border_tile(32) -99.34 -0.52 -35.94 0 0 0 3.587246 0.5 4.092992 border_tile
border_tile(35) -99.34 -0.547 -31.026 0 0 0 3.587246 0.5 4.092992 border_tile


