house_3(1) 102.3 9.7 95.81 0 90 0 9.437888 23.7644 24.82613 house_3
Newhose22 58.6 18.5 102.5 0 0 0 14.53154 34.78661 38.97306 Newhose22
Baker_house 65.8 21 58.6 0 0 0 40.18018 43.64998 25.42208 Baker_house
Fountain1(1) 116.8 2.04 158.26 0 0 0 42.88638 10.44682 34.93231 Fountain1
box(8) 80.69 1.8 34.76 0 0 0 4.429077 4.363555 4.314414 box1
box(6) 30.68 1.8 40.03 0 12.1 0 3.334435 4.453666 3.24810 box2
box(5) 30.68 1.8 34.84 0 0 0 4.546637 3.999279 4.428927 box3
box(7) 27.67 1.8 120.69 0 0 0 4.922929 3.793724 4.428927 box1
Rock(15) 31.7 2.1 157.33 0 0 0 8.027892 1.895599 4.129189 Rock2
Rock(14) 31.7 2.1 138.3 0 0 0 8.027892 1.895599 4.129189 Rock2
Rock(13) 70.77 2.1 140.27 0 0 0 8.027892 1.895599 4.129189 Rock2
Tree_1(3) 64.27 6.78 169.4 0 0 0 0.9637262 15.15833 1.361412 Tree_1
Tree_1(5) 43.81 6.78 144.69 0 0 0 0.9637262 15.15833 1.361412 Tree_1
Lamp(11) 15.56 8.88 83.02 0 0 0 0.9637262 17.98636 1.361412 Lamp
Lamp(12) 145.68 8.88 83.02 0 0 0 0.9637262 17.98636 1.36141 Lamp2
Lamp(15) 145.68 8.88 23.17 0 0 0 0.9637262 17.98636 1.36141 Lamp2
Lamp(19) 101.99 8.88 23.17 0 0 0 0.9637262 17.98636 1.36141 Lamp2
Lamp(19) 56.8 8.88 23.17 0 0 0 0.9637262 17.98636 1.361412 Lamp
Lamp(16) 16.8 8.88 23.17 0 0 0 0.9637262 17.98636 1.361412 Lamp
border_tile(59) 34.7 0.1 66.9 270 0 0 1.066802 0.8218609 0.942252 border_tile
border_tile(60) 34.7 0.1 61.9 270 0 0 0.9223115 0.735351 0.883497 border_tile
border_tile(108) 104.7 0.1 79.9 270 0 0 1.045795 0.7140166 0.883497 border_tile
border_tile(107) 128.7 0.1 79.9 270 0 0 0.8442971 0.7140166 0.883497 border_tile
border_tile(73) 39.7 0.1 35.9 270 90.00001 0 1.066802 0.8218609 0.942252 border_tile
border_tile(86) 102.7 0.1 35.9 270 90.00001 0 1.032815 0.8251055 0.883497 border_tile
border_tile(87) 31.7 0.1 53.9 270 0 0 0.7455577 0.732544 0.883497 border_tile
border_tile(77) 66.7 0.1 35.9 270 90.00001 0 0.9223115 0.8065565 0.883497 border_tile
border_tile(103) 124.7 0.1 79.9 270 0 0 1.045795 0.7722833 0.883497 border_tile
border_tile(58) 34.7 0.1 57.9 270 0 0 1.123536 0.8601947 0.942252 border_tile
border_tile(83) 79.7 0.1 35.9 270 90.00001 0 1.123536 0.8601947 0.942252 border_tile
border_tile(71) 52.7 0.1 35.9 270 90.00001 0 0.9223115 0.8065565 0.883497 border_tile
border_tile(105) 113.5 0.1 79.9 270 0 0 1.045795 0.7140166 0.883497 border_tile
border_tile(61) 34.7 0.1 48.9 270 0 0 1.032815 0.735351 0.883497 border_tile
border_tile(78) 98.7 0.1 35.9 270 90.00001 0 0.9223115 0.8065565 0.883497 border_tile
border_tile(81) 74.7 0.1 35.9 270 90.00001 0 0.9223115 0.735351 0.883497 border_tile
border_tile(75) 56.7 0.1 35.9 270 90.00001 0 1.032815 0.735351 0.883497 border_tile
border_tile(106) 109.7 0.1 79.9 270 0 0 1.045795 0.9243562 0.883497 border_tile
border_tile(96) 129.7 0.1 96.9 270 0 0 0.9223115 0.8065565 0.883497 border_tile
border_tile(72) 47.7 0.1 35.9 270 90.00001 0 1.123536 0.8601947 0.942252 border_tile
border_tile(102) 129.7 0.1 83.9 270 0 0 0.9223115 0.8065565 0.883497 border_tile
border_tile(97) 129.7 0.1 101.9 270 0 0 1.123536 0.8601947 0.942252 border_tile
border_tile(65) 104.7 0.1 40.9 270 0 0 0.9223115 0.8065565 0.883497 border_tile
border_tile(98) 129.7 0.1 109.9 270 0 0 1.066802 0.8218609 0.942252 border_tile
border_tile(66) 104.7 0.1 44.9 270 0 0 1.123536 0.8601947 0.942252 border_tile
border_tile(99) 129.7 0.1 105.9 270 0 0 0.9223115 0.735351 0.883497 border_tile
border_tile(100) 129.7 0.1 92.9 270 0 0 1.032815 0.735351 0.883497 border_tile
border_tile(80) 88.7 0.1 35.9 270 90.00001 0 1.032815 0.735351 0.883497 border_tile
border_tile(79) 93.7 0.1 35.9 270 90.00001 0 1.123536 1.054964 0.942252 border_tile
border_tile(68) 104.7 0.1 61.9 270 0 0 0.9223115 0.735351 0.883497 border_tile
border_tile(62) 34.7 0.1 44.9 270 0 0 1.123536 0.8601947 0.942252 border_tile
border_tile(64) 35.7 0.1 35.9 270 0 0 0.8186314 0.7249338 0.883497 border_tile
border_tile(63) 34.7 0.1 40.9 270 0 0 0.9223115 0.8065565 0.883497 border_tile
border_tile(69) 104.7 0.1 66.9 270 0 0 1.066802 0.8218609 0.942252 border_tile
border_tile(74) 43.7 0.1 35.9 270 90.00001 0 0.9223115 0.735351 0.883497 border_tile
border_tile(85) 104.7 0.1 53.9 270 0 0 0.9223115 0.8065565 0.883497 border_tile
border_tile(101) 129.7 0.1 88.9 270 0 0 1.123536 0.8601947 0.942252 border_tile
border_tile(76) 61.7 0.1 35.9 270 90.00001 0 1.123536 0.8601947 0.942252 border_tile
border_tile(104) 119.7 0.1 79.9 270 0 0 1.045795 0.8902749 0.883497 border_tile
border_tile(57) 34.7 0.1 53.9 270 0 0 0.9223115 0.8065565 0.883497 border_tile
border_tile(67) 104.7 0.1 48.9 270 0 0 1.032815 0.735351 0.883497 border_tile
border_tile(84) 83.7 0.1 35.9 270 90.00001 0 0.9223115 0.8065565 0.883497 border_tile
border_tile(70) 104.7 0.1 57.9 270 0 0 1.123536 0.8601947 0.942252 border_tile
border_tile(82) 70.7 0.1 35.9 270 90.00001 0 1.066802 0.8218609 0.942252 border_tile
Flowers(11) 35.39999 -0.0999999 92.10001 270 270 0 0.5 0.5 0.5 Flowers
Flowers(10) 35.39999 -0.0999999 98.34001 270 270 0 0.5 0.5 0.5 Flowers
Flowers(7) 35.39999 -0.0999999 110.74 270 270 0 0.5 0.5 0.5 Flowers
Flowers(12) 35.39999 -0.0999999 83.94 270 270 0 0.5 0.5 0.5 Flowers
Flowers(9) 35.39999 -0.0999999 104.58 270 270 0 0.5 0.5 0.5 Flowers

