Baker_house(2) 108.9 8.7 -76.2 0 0 0 18.02857 25.91126 45.65788 Baker_house
Baker_house(3) 54.18 8.7 -53.02 0 0 0 14.37119 17.5962 20.25904 Baker_house
box(9) 43.74 1.27 -123.25 0 0 0 4.578637 4.529352 3.885796 box3
box(10) 49.62 1.27 -121.29 0 0 0 4.176277 3.198253 3.544322 box2
box(11) 72.82 1.27 -82.17 0 0 0 5.109002 5.054008 4.335906 box1
box(12) 93.66 1.27 -114.01 0 0 0 5.109002 5.054008 4.335906 box3
box(13) 98.82 1.27 -120.03 0 0 0 4.578637 4.529352 3.885796 box2
Bush(14) 120.08 2.24 -33.93 0 0 0 4.31505 4.2686 3.662094 Bush
Bush(13) 110.22 2.24 -33.93 0 0 0 4.31505 4.2686 3.662094 Bush
Bush(12) 99.46 2.24 -33.93 0 0 0 4.31505 4.2686 3.662094 Bush
Lamp(32) 145.73 8.88 -68.42 0 0 0 0.9637262 17.98636 1.361412 Lamp
Lamp(18) 145.73 8.88 -18.6 0 0 0 0.9637262 17.98636 1.361412 Lamp
Lamp(24) 102.4 8.88 -18.6 0 0 0 0.9637262 17.98636 1.361412 Lamp
Lamp(25) 62.78 8.88 -18.6 0 0 0 0.9637262 17.98636 1.361412 Lamp
Lamp(34) 20.28 8.88 -68.28 0 0 0 0.9637262 17.98636 1.361412 Lamp
Lamp(29) 20 8.88 -18.6 0 0 0 0.9637262 17.98636 1.361412 Lamp
fence(19) 78.7 3.5 -46.1 0 0 0 0.7830869 5.772031 32.45995 fence4
fence(17) 29.71 2.99 -45.7 0 0 0 0.7449422 6.810683 28.86705 fence4
fence(20) 61.77 3.5 -77.3 0 90 0 1.29553 5.772031 28.86705 fence4
fence(21) 78.77 3.5 -77.9 0 0 0 1.29553 5.772031 28.86705 fence4
fence(22) 78.77 3.5 -109.7 0 0 0 1.29553 5.772031 28.86705 fence4
Fountain1(2) 116.8 2.46 -154.8 0 0 0 42.88638 8.718359 34.93231 Fountain1
Tree_1(11) 72.1 4.34 -34.55 0 0 0 0.5387741 8.980532 0.4153733 Tree_1
Tree_1(12) 72.1 4.34 -47.1 0 0 0 0.5387741 8.980532 0.4153733 Tree_1
Tree_4(20) 36.73 6.03 -36.67 0 0 0 1.364606 12.9053 1.055404 Tree_4
Tree_1(14) 34.81 3.74 -79.27 0 0 0 0.4491508 7.784332 0.3811852 Tree_1
shop_1(4) 53.9 16.2 -101.03 0 0 0 19.77058 34.12552 27.46547 shop_1
Tree_1(16) 64.13 7.65 -144.3 0 0 0 1.420073 15.6829 0.7410454 Tree_1
Tree_1(16) 44 7.65 -168.64 0 0 0 1.420073 15.6829 0.7410454 Tree_1
Rock(20) 31.04 1.26 -154.67 0 0 0 7.841931 3.686346 4.773258 Rock
Rock(21) 31.39 1.33 -174.2 0 0 0 7.252446 4.002985 4.773258 Rock
Rock(18) 70.48 0.94 -172.7 0 0 0 5.860126 4.233171 4.773258 Rock
mushroom2(2) 33.7 1.1 -89.1 270 0 0 2.456341 3.712956 1.258036 mushroom2
mushroom1(14) 35.7 0.1 -108.1 270 0 0 2.141463 3.236994 1.096769 mushroom1
mushroom1(16) 42.7 0.1 -72.1 270 0 0 2.141463 3.236994 1.096769 mushroom1
mushroom1(15) 31.7 0.1 -122.1 270 0 0 2.141463 3.236994 1.096769 mushroom1
mushroom1(13) 31.7 0.1 -101.1 270 0 0 2.141463 3.236994 1.096769 mushroom1