wall -87 7 187.2 90 90 0 6.238315 123.1869 16.84278 wall
wall(1) -188 7 1.1 90 0 0 4.362619 362.0961 15 wall2
wall(6) 80.8 7 -183.1 90 90 0 6.238315 123.1869 16.84278 wall
wall(7) -87.2 7 -183.1 90 90 0 6.238315 123.1869 16.84278 wall
wall(5) 183.3 7 1.1 90 0 0 4.362619 362.0961 15 wall2
wall(4) 81.8 7 187.2 90 90 0 6.238315 123.1869 16.84278	wall
tower(1) -152.2 14.1 187.73 90 90 0 10.28766 10.25182 28.60067 tower
tower(11) -20.9 11.6 -182.3 90 90 0 10.28766 10.25182 28.48916 tower
tower(9) 183.6 13.3 -182.3 90 90 0 10.28766 10.25182 28.65103 tower
tower(8) 182.76 13.9 187.73 90 90 0 10.28766 10.25182 28.60113 tower
tower(3) -189.1 13.1 -182.3 90 90 0 10.28766 10.25182 29.12189 tower
tower(6) -20.8 13.8 187.73 90 90 0 10.28766 10.25182 29.21446 tower
tower(12) 146.5 13.2 -182.3 90 90 0 10.28766 10.25182 28.65103 tower
tower(5) 15.7 13.74 187.73 90 90 0 10.28766 10.25182 29.86537 tower
tower(2) -189.1 13.2 187.73 90 90 0 10.28766 10.25182 29.04308 tower
tower(7) 146.78 13.6 187.73 90 90 0 10.28766 10.25182 29.96904 tower
tower(4) -152.4 13 -182.3 90 90 0 10.28766 10.25182 28.40156 tower
tower(10) 15.6 13.2 -182.3 90 90 0 10.28766 10.25182 28.03253 tower
fence_double(1) -2.14 6.8 188.2 90 90 0 0.7398449 26.6759 14.45012 fence_double
fence_double 164.39 6.9 188.2 90 90 0 0.7398449 26.6759 14.45012 fence_double
fence_double(3) -171.1 6.4 -184.6 90 90 0 0.7398449 26.6759 14.45012 fence_double
fence_double(2) -171.1 6.9 188.2 90 90 0 0.7398449 26.6759 14.45012 fence_double
fence_double(5) 165.1 6.4 -184.6 90 90 0 0.7398449 26.6759 14.45012 fence_double
fence_double(4) -2.7 6.4 -184.6 90 90 0 0.7398449 26.6759 14.45012 fence_double
