road -86.3 -1 1.57 270 0 0 109.2941 36.5 0.5
road(3) -170.19 -1 -108.1 270 90.00001 0 164 35.00111 0.5
road_path(8) 164.91 -1 25.36 270 90.00001 0 12.44031 34.07743 0.5
road_empty -3.32 -1 1.49 270 0 0 34.19572 36.32877 0.5
road(4) -170.3 -1 111.9 270 90.00001 0 161 32.5042 0.5
road_empty(1) -170.02 -1 1.9 270 0 0 32.50454 36.61738 0.5
road_path(5) -170.3 -1 25.79 270 90.00001 0 11.37591 31.85201 0.5
road(5) 80.7 -1 1.71 270 0 0 110.9283 36.5 0.5
road_path(1) -25.95 -1 1.68 270.0198 0 0 11.58446 36.92283 0.5
road_path(7) 19.77 -1 1.75 270.0198 0 0 12.71088 36.67665 0.5
road_path(2) -3.25 -1 25.52 270 90.00001 0 12.04934 34.52551 0.5
road_path(6) 142.21 -1 1.9 270.0198 0 0 12.18676 37.22455 0.5
road(2) -2.73 -1 -108.1 270 90.00001 0 161.8232 33.01974 0.5
road(1) -3.01 -1 111.9 270 90.00001 0 161 34.1 0.5
road_empty(2) 164.7 -1 1.61 270 0 0 33.69786 35.66269 0.5
road_path(3) -2.46 -1 -22.09 270 90.00001 0 11.19799 32.55801 0.5
road_path -147.3 -1 1.6 270.0198 0 0 13.10096 36.62259 0.5
road(6) 164.7 -1 -108.1 270 90.00001 0 162.6409 33.75401 0.5
road_path(4) -169.47 -1 -21.27 270 90.00001 0 9.905032 33.00169 0.5
road(7) 164.7 -1 111 270 90.00001 0 159.974 33.31704 0.5
